start	end	text
0	4000	【吳奇心醫師】
4000	7000	好的,謝謝大家來參與這次的台兒演講
7000	11000	那這次我們很高興可以請到吳奇心醫師
11000	17000	吳奇心醫師呢,他是目前是台大醫院的精神科主治醫師
17000	20000	那他有MD跟PhD的學位
20000	26000	他的博士是在台大的流行病學與預防醫學所拿到
26000	34000	那目前他是正在美國哈佛大學的醫學院做訪問研究
34000	42000	那麼很高興這次他可以帶來一個大家很關心的醫學研究的進展
42000	47000	那我們如何用機器學習的方式來幫助我們
47000	55000	在個人化的精神醫學診斷上面做突破
55000	61000	那請大家掌聲鼓勵歡迎我們的吳醫師
61000	63000	好,謝謝大家
63000	73000	很高興今天有這個機會可以來這裡做一個研究成果的說明
73000	76000	那因為這個研究的結果還沒有正式的發表
76000	82000	所以那個後續錄影的部分大概會在半年後左右再開放給大家
82000	86000	好,那我自己是一個醫學系畢業這樣子
86000	90000	然後在這個流行病學上面來講都拿到一個博士學位
90000	94000	但是後來發現到說機器學習這一個領域其實是相當重要的
94000	99000	所以今年就有這個機會來哈佛大學這邊來做進一步的學習
99000	102000	那這個精神疾病我想大家都很清楚
102000	106000	特別是最近這個公視的節目那個《我們與惡的距離》
106000	109000	這個戲劇得到很多的迴響
109000	113000	那在海外的朋友們不一定能夠看到這個戲劇這樣子
113000	119000	但是這個在台灣的事實上這一個戲劇造成相當多的一個迴響
119000	123000	那我們可以看到這個主角這個應思聰
123000	126000	那個他不曉得相不相當
126000	129000	這個個案他事實上他本來就是一個年輕人
129000	131000	但因為生病的關係我們可以看到說
131000	134000	他好像變得橫頭過面的鬍子也沒有紮
134000	138000	那還因為相當的激動被人家四肢約束綁在床上
138000	142000	所以這就是當一個得到一個比較嚴重的精神疾病的時候
142000	145000	他有可能會面臨到這個整個生活的改變
145000	148000	原本可能跟我們一樣都是一個年輕人在讀書在學習
148000	153000	但是因為生病的關係他就中斷了整個這個學習的過程
153000	156000	那如果大家年代跟我比較差不多的人
156000	159000	可能還記得這部電影叫做《美麗境界》
159000	163000	他講的就是美國數學家這個John Nash他的一個過程
163000	165000	他也是在很聰明的一個人
165000	169000	但是在年輕的時候得到這個思覺失調症
169000	173000	所以他整個後來的學術生涯就因此中斷了好一段時間
173000	176000	那這個有電影跟書籍可以看
176000	179000	所以我今天主要講的這個疾病的本身
179000	182000	大概就是這個Schizophrenia
182000	185000	我們中文翻譯成這個思覺失調症
185000	188000	那他過去的一個名稱就是這個精神分裂症
188000	190000	他講的就是一個
190000	192000	但因為這個名詞會造成一些誤會
192000	195000	所以後來就是改名成這個思覺失調症
195000	198000	那這個疾病會拿來作為研究主要的對象
198000	200000	主要是有兩個原因
200000	203000	第一個他是一個最嚴重的精神疾病
203000	205000	那第二個是說這個疾病本身
205000	208000	我們認為他是一個比較屬於生物性的
208000	210000	是屬於大腦的疾病
210000	212000	不是因為你心理上的缺陷
212000	214000	也不是你有心理上的問題
214000	215000	而是因為大腦生病了
215000	217000	以致於有這個疾病
217000	220000	那這個疾病本身的表現就是會有一些妄想
220000	223000	譬如說覺得有人要迫害我
223000	225000	要傷害我這樣子
225000	227000	然後也有些人會有一些幻聽的症狀
227000	229000	明明旁邊都沒有聲音
229000	231000	他卻一直聽到有人在跟他講話
231000	233000	一直聽到很多聲音這樣子
233000	235000	或者是說整個大腦思緒很混亂的時候
235000	239000	他會有一些失去的語言跟失去的行為
239000	240000	會比手畫腳
240000	242000	無言亂語等等之類的這樣子
242000	246000	那還有一些所謂的叫做複性症狀
246000	248000	就是說我就是
248000	250000	比方說一般人把他關在一個房間
250000	252000	沒有書沒有電腦
252000	255000	他可能一定很快就覺得很無聊這樣子
255000	258000	但是在這個複性症狀的狀況比較嚴重的時候
258000	260000	他會變得什麼事情都沒有興趣
260000	261000	都不想做
261000	264000	一個人就是想傻傻的發呆這樣子
264000	266000	然後慢慢的變得話越來越少
266000	267000	表情越來越少
267000	269000	就是所謂的複性症狀
269000	271000	一般人症狀會有的活力
271000	272000	這些會有想要做的事情
272000	273000	就慢慢消失掉了
273000	275000	就是這個複性症狀
275000	277000	所以一般來講我們精神分裂症的診斷
277000	279000	就是根據這些條文
279000	281000	來做一個診斷
281000	283000	那他的盛行率
283000	285000	大概是這個在全人口裡面
285000	287000	大概重症盛行率大概1%左右
287000	289000	那全世界各個文化都差不多
289000	290000	大概1%左右
290000	291000	所以我們認為說
291000	293000	這就是一個大腦的一個疾病
293000	294000	不會因為文化上的差異
294000	296000	而有太大的影響
298000	300000	那這樣的疾病來說
300000	301000	事實上在治療上
301000	304000	我們應該會選用就是所謂的Antipsychotic
304000	307000	我們會用這個抗精神病藥來做治療
307000	308000	那這個治療的部分
308000	309000	事實上有兩個含義
309000	311000	一個是症狀的控制
311000	312000	當你腦袋有很多妄想
312000	314000	很多幻聽的時候
314000	315000	我們需要靠這個藥物
315000	317000	來讓我們的妄想跟幻聽
317000	319000	來得到一個控制
319000	321000	當這個症狀慢慢好起來之後
321000	323000	事實上我們還要繼續吃藥
323000	326000	要做的事情就是一個Relapse Prevention
326000	328000	就是預防它復發
328000	329000	那在過去的一些研究
329000	330000	停藥的人
330000	332000	比起那些繼續吃藥的人
332000	333000	他復發的機會
333000	335000	大概是五倍左右
335000	337000	所以這個有沒有繼續吃藥
337000	339000	事實上是相當重要的
339000	341000	那在一些過去的療效研究
341000	342000	發現到說
342000	343000	大部分來講
343000	344000	只要一開始有好好吃藥
344000	346000	大概百分之六成的人
346000	348000	症狀都有可以達到明顯的改善
348000	351000	但是當你在追蹤長一點的時間
351000	352000	你會發現到說
352000	354000	事實上有三成到七成的人
354000	355000	他們中間需要換藥
355000	357000	或者他們就停止治療
357000	360000	在一年的時間內會有這個情形
360000	361000	那主要是藥嘛
361000	362000	是這個藥物沒有效果
362000	363000	藥嘛是說
363000	365000	他們覺得藥物有一些副作用
365000	366000	他們沒辦法接受
366000	367000	藥嘛是說
367000	370000	這一群人他缺乏這個病識感
370000	371000	他覺得說
371000	372000	我好了 我沒有病
372000	373000	我不要再吃藥了
373000	374000	所以這就是
374000	376000	造成這些很多人會停藥
376000	378000	或者是換藥的一個過程
378000	379000	那一旦一停藥之後
379000	380000	很容易就復發
380000	381000	一旦復發之後
381000	384000	那個治療的效果就沒有那麼好
384000	385000	所以事實上這些人呢
385000	387000	往往都是反反覆覆的
387000	388000	然後慢慢變成一種
388000	390000	慢性化的一個疾病
391000	393000	所以一個在長期的追蹤研究
393000	394000	發現到說
394000	396000	600不到30%的人
396000	398000	他們能夠恢復到正常的功能
398000	399000	可以去完成學業
399000	400000	可以去工作
400000	401000	大部分人來講
401000	403000	得這個病大概七八成以上的機會
403000	405000	事實上是變成是沒有工作能力的
405000	407000	所以這些人事實上很多人
407000	410000	到後期都需要經過一個復健的過程
410000	411000	因為他們的功能退化
411000	412000	沒辦法工作
412000	413000	沒辦法讀書
413000	414000	所以他們大概就是需要
414000	415000	在一些庇護工廠
415000	418000	或者是在一些日間病房裡面
418000	419000	去慢慢做一些復健
419000	420000	讓他們能夠
420000	422000	重新學習這個生活的能力
422000	423000	所以一般得到這個疾病的時候
423000	425000	如果一開始沒有好好治療的話
425000	426000	事實上是
426000	429000	預後是相當不好的
429000	430000	那在藥物上來講
430000	432000	事實上這樣的藥物裡面
432000	433000	在台灣本土裡面
433000	436000	大概有20種左右的藥物
436000	437000	但是如果是全世界來看
437000	439000	大概40種左右
439000	440000	上下這樣子
440000	441000	那這就是這些藥物的一個
441000	445000	簡單的一個結構化學式
445000	446000	那我們可以知道說
446000	447000	事實上這些藥物本身
447000	449000	都有很大的差異
449000	450000	那他們在用這個
450000	452000	根據這個Neurotransmitter的
452000	454000	那個Affinity
454000	456000	去看他們的藥理特性來看
456000	457000	也可以看到說
457000	458000	好像這些藥物來講
458000	459000	事實上他們在
459000	461000	不同的神經傳導物質裡面
461000	462000	扮演了不同的角色
462000	464000	有些是對Dopamine來講
464000	465000	是有很強烈的
465000	466000	Might and Affinity
466000	467000	但事實上有些比較弱一點
467000	468000	反而是對其他的
468000	469000	Serotonin
469000	470000	Noepinephrine
470000	471000	這些有一些
471000	472000	Might and Affinity
472000	473000	所以事實上
473000	475000	這些藥物本身的
476000	477000	藥理特性
477000	479000	事實上是有蠻大的不一樣的
480000	481000	那藥物這麼多種
481000	483000	事實上我們在臨床上
483000	484000	我們大概會把這些藥
484000	485000	分為兩大類
485000	487000	第一類就是第一代的藥物
487000	489000	就是從1950年代開始
489000	491000	發展出來的藥物
491000	492000	那第二代大概就是
492000	493000	1970、1980左右
493000	496000	慢慢先發現出來的一個藥物
496000	497000	最近大概都已經有
497000	499000	30年左右的時間了這樣子
500000	501000	那第一代的藥物
501000	502000	事實上一開始的藥物
502000	504000	就是一個比較
504000	506000	誤打誤撞所發現的
506000	507000	那這些藥物也有
507000	508000	比較多的一些
508000	510000	神經學上的副作用
510000	511000	例如說
511000	512000	會變得全身僵硬
512000	513000	發抖
513000	514000	甚至長期服藥等
514000	515000	會有所謂的
515000	517000	Tardive Kinesia
517000	518000	就是全身變成
518000	519000	不自主的慢性扭動
519000	520000	身體會歪一邊
520000	522000	嘴巴會歪一邊這樣子
522000	523000	所以這長期吃藥的結果
523000	524000	會有一些比較
524000	525000	比較麻煩
525000	526000	而且是很難去治療的
526000	527000	一個副作用
527000	528000	那另外這些藥物來講
528000	529000	也會有所謂的比較
529000	530000	嗜睡啊
530000	532000	或者是造成心律不整
532000	533000	以及這個
533000	534000	泌乳激素的上升
534000	535000	這些都會有很多
535000	536000	這個內分泌上
536000	538000	以及心血管上面的問題
538000	540000	那第二代的藥物
540000	541000	事實上就是
541000	542000	因為第一代的藥物
542000	543000	有很多的問題
543000	544000	所以他們去
544000	546000	做一些新一代的發展
546000	547000	就開始我們
547000	548000	有沒有辦法去
548000	549000	減少這個藥物的
549000	551000	一個副作用
551000	552000	所以這時候呢
552000	553000	他們就開始
553000	554000	就開始
554000	556000	最主要是減少
556000	557000	這個神經學上的
557000	558000	一個副作用
558000	559000	所以他們主要是
559000	560000	開始做一些發展
560000	561000	那不過
561000	562000	這是
562000	563000	Clozapine這個藥
563000	564000	是第一個
564000	565000	第二代的藥物
565000	566000	但是這個藥
566000	567000	事實上到
567000	568000	可能過十幾年之後
568000	569000	才在美國上市
569000	570000	主要是說
570000	571000	它有一些很嚴重的副作用
571000	572000	造成這個
572000	573000	身體免疫力的下降
573000	574000	所以呢
574000	575000	這些藥物就變成是
575000	576000	雖然是有
576000	578000	但是並沒有那麼的好用
578000	579000	但是慢慢的
579000	580000	就是根據這個
580000	581000	第二代的藥物
581000	582000	來做一些新的眼睛
582000	583000	有慢慢新的
583000	584000	越來越好用的
584000	585000	第二代的藥物開始
585000	586000	但是這些
586000	587000	第二代的藥物
587000	588000	也會產生一些
588000	589000	比較其他的一種副作用
589000	590000	例如說體重增加
590000	592000	增加這個糖尿病的風險
592000	593000	所以這些藥物
593000	594000	看起來是有一些
594000	595000	蠻多不一樣的
595000	596000	但是就有一好
596000	597000	就沒有兩好
597000	598000	就各有各的
598000	599000	的作用
599000	601000	跟副作用這樣子
601000	602000	好
602000	603000	那這麼多藥
603000	604000	怎麼選擇呢
604000	605000	事實上呢
605000	606000	有一些人的努力是說
606000	607000	那我有沒有可能去
607000	608000	找到一個
608000	609000	最好的藥物來看
609000	610000	那如果每個人都用
610000	612000	先用最好的藥物來治療
612000	613000	那接下來
613000	614000	如果沒有想要再用
614000	615000	第二好的藥物
615000	616000	這樣是不是可以達到
616000	617000	最好的療效這樣子
617000	618000	所以事實上
618000	619000	有些人就做了很多
619000	620000	這個所謂的
620000	622000	他們收集了
622000	624000	這個500多個
624000	627000	來去做一個分析
627000	628000	發現到說
628000	629000	最好的藥就是
629000	630000	我們剛剛講的那個
630000	631000	藥物副作用很多的
631000	632000	這個藥物
632000	633000	那第二代的藥
633000	634000	接下來的藥物
634000	635000	就包括說
635000	637000	等等的藥物
637000	639000	就是可以給他配序這樣子
639000	640000	好
640000	641000	但是事實上
641000	642000	並沒有那麼簡單
642000	643000	因為事實上
643000	644000	一個藥物本身
644000	645000	除了這個
645000	646000	作用之外
646000	647000	它還有所謂的副作用
647000	648000	事實上
648000	649000	副作用的排序
649000	650000	又完全不一樣
650000	651000	比方說這個
651000	653000	體重增加的問題
653000	654000	事實上
654000	655000	副作用來講
655000	656000	這是越上面越好
656000	657000	越下面越差
657000	658000	像Orenzapine
658000	659000	這原本都是
659000	661000	療效還算不錯的藥物
661000	662000	但是在這個
662000	663000	體重增加這部分
663000	664000	就變成是
664000	666000	副作用相當大的一個問題
666000	667000	那或者是說
667000	668000	這造成這個
668000	669000	衰體狀副作用
669000	670000	Clozapine這個藥
670000	671000	幾乎沒什麼衰體
671000	672000	就是沒有
672000	673000	神經血栓的副作用
673000	674000	但是其他藥物
674000	675000	神經血栓的副作用
675000	676000	就蠻多的
676000	677000	所以我們排序下來
677000	678000	事實上我們沒辦法找到
678000	679000	一個完美的藥物
679000	680000	就是它的療效也很好
680000	681000	副作用也很好
681000	682000	事實上是找不到的
682000	683000	而事實上
683000	684000	這些排序來講
684000	685000	事實上是
685000	686000	有很多變相
686000	687000	這個變相是相當複雜的
689000	690000	所以事實上
690000	691000	我們要注意的副作用
691000	692000	在臨床上
692000	693000	我們一定要注意的
693000	694000	可能就是六七樣的副作用
694000	695000	那藥物有二十種
695000	696000	二十種的藥物
696000	697000	這樣子
697000	698000	每種狀況都不一樣
698000	699000	那它們的療效也是
699000	700000	有一些纖維上的差異
700000	701000	不明顯
701000	702000	但是有一些纖維上的差異
702000	703000	這樣子
703000	704000	加上每個病人的特質不一樣
704000	705000	例如說
705000	706000	一個中年男性
706000	707000	他體重增加
707000	708000	可能就
708000	709000	也許病人不會那麼在意
709000	710000	但是如果說
710000	711000	你治療的對象
711000	712000	是一個年輕女性的話
712000	713000	體重增加
713000	714000	對他來講
714000	715000	就是一個很沒辦法
715000	716000	接受的副作用
716000	717000	或者是說
717000	718000	一個人本身
718000	719000	已經有一些心血管
719000	720000	黃綿綿的問題了
720000	721000	那如果說
721000	722000	這個藥物
722000	723000	還會增加他這個
723000	724000	心律不整
724000	725000	或心肌梗塞的風險的話
725000	726000	那事實上
726000	727000	這個藥物就
727000	728000	對他來講
728000	729000	就明顯的不適合
729000	730000	另外這個藥物的代謝
730000	731000	也是一樣
731000	732000	有些是
732000	733000	經由肝臟代謝
733000	734000	有些是經由腎臟代謝
734000	735000	所以你需要
735000	736000	根據他的肝腎功能
736000	737000	來做藥物上的調整
737000	738000	跟處理
738000	739000	這樣子
739000	740000	那也因為事實上
740000	741000	我們要考慮的事情太多
741000	742000	但是我們臨床上
742000	743000	每個醫生的經驗
743000	744000	又沒有那麼多
744000	745000	所以事實上
745000	746000	我們很難
746000	747000	從這些累積的經驗裡面
747000	748000	找到一個好的
748000	749000	一個預測的能力
749000	750000	所以大部分的醫生來講
750000	751000	大概就是
751000	752000	我可能根據
752000	753000	這幾個點
753000	754000	我覺得比較重要的
754000	755000	我去做選擇
755000	756000	這樣子
756000	757000	那事實上
757000	758000	這個選擇
758000	759000	到底會不會成功
759000	760000	老實說
760000	761000	我們心中
761000	762000	並沒有太大的把握
762000	763000	所以我們往往就是說
763000	764000	試試看再說
764000	765000	這樣子
765000	766000	所以是有時候是
766000	767000	我們有一些
767000	768000	想法跟道理
768000	769000	但是會不會
769000	770000	照這樣子來發生
770000	771000	我們事實上
771000	772000	並沒有多大的把握
772000	773000	所以這就是一個
773000	774000	個人化醫療上
774000	775000	一個相當重要的
775000	776000	我們也沒有辦法知道說
776000	777000	什麼樣的人
777000	778000	他最適合什麼樣的藥物
778000	779000	找出這樣的一個規則出來
779000	780000	所以這是我們目前上
780000	781000	一個醫學上
781000	782000	大家都在努力的
782000	783000	一個方向
783000	784000	所以這是人
784000	785000	有這麼多種
785000	786000	藥物
786000	787000	他最適合什麼樣的藥物
787000	788000	找出這樣的一個規則出來
788000	789000	所以這是我們目前上
789000	790000	一個醫學上
790000	791000	人有這麼多種
791000	792000	我們怎麼樣
792000	793000	根據每一個人
793000	794000	來選擇
794000	795000	他最好的藥物
795000	796000	這樣子
796000	797000	好
797000	798000	那會開始用
798000	799000	Machine Learning來學習
799000	800000	主要是在2016年
800000	801000	這AlphaGo
801000	802000	這個事情的鼓勵
802000	803000	這個大家都知道
803000	804000	事實上是
804000	805000	圍棋是一個
805000	806000	相當複雜的一個遊戲
806000	807000	但是藉由這個
807000	808000	機械學習
808000	809000	這樣的一個
809000	810000	電腦的一個
810000	811000	方式的發展
811000	812000	事實上我們可以
812000	813000	用這個電腦所
813000	814000	發展出來的程式
814000	815000	可以打敗這個
815000	816000	世界上一流的棋手
816000	817000	這樣子
817000	818000	所以這就是
818000	819000	事實上
819000	820000	大家很多人
820000	821000	都受到很多鼓舞
821000	822000	所以不論在
822000	823000	各個領域裡面
823000	824000	都希望能夠把
824000	825000	這個機械學習
825000	826000	來禁用到
826000	827000	這樣子
827000	828000	所以目前我們的問題
828000	829000	就是說
829000	830000	我們有沒有辦法
830000	831000	是說
831000	832000	我們剛剛知道說
832000	833000	事實上每個藥物
833000	834000	有很多的
834000	835000	不同的特性
835000	836000	然後藥物
836000	837000	種類也相當多
837000	838000	加上每個人的
838000	839000	特性都不一樣
839000	840000	事實上
840000	841000	這些太多的變數
841000	842000	我們這個人的
842000	843000	大腦沒辦法去學習
843000	844000	那我們有沒有辦法
844000	845000	利用這個
845000	846000	機械學習的方式
846000	847000	來達到這個
847000	848000	個人化醫療的
848000	849000	一個目標呢
849000	850000	這是我們想要
850000	851000	探討的一個方向
852000	853000	好
853000	854000	那事實上
854000	855000	這個機械學習
855000	856000	目前在
856000	858000	醫學上的應用
858000	859000	已經是越來越多了
859000	860000	那一方面就是
860000	861000	我們知道說
861000	862000	機械學習
862000	863000	在這個影像的
863000	864000	上的判讀
864000	865000	事實上是
865000	866000	有相當好的
866000	867000	的能力
867000	868000	是不是也是
868000	869000	在影像的處理
869000	870000	事實上是
870000	871000	進步相當多的
871000	872000	所以目前應用最多
872000	873000	還是在這種
873000	874000	我們的那個
874000	875000	景象學檢查
875000	876000	例如說
876000	877000	X光片
877000	878000	像CT
878000	879000	或者是核子共振MRI
879000	880000	這些事實上
880000	881000	都是用這個
881000	882000	機械學習
882000	883000	來幫助我們的診斷
883000	884000	這樣子
884000	885000	他看片子的速度
885000	886000	跟醫生比起來
886000	887000	也許好一點
887000	888000	也許差不多
888000	889000	但是那個速度上
889000	890000	是可以快很多的
890000	891000	那還有一些
891000	892000	就是病理學上的切片
892000	893000	例如說
893000	894000	我們需要一個
894000	895000	病理醫師
895000	896000	來看這個細胞的切片
896000	897000	但事實上
897000	898000	影像學習也是
898000	899000	機械學習
899000	900000	也是有辦法
900000	901000	去做到這個程度
901000	902000	這樣子
902000	903000	所以目前來講
903000	904000	發展最多的
904000	905000	也是最明確
905000	906000	是在協助醫生
906000	907000	知道機械學習
907000	908000	他可以去判斷
908000	909000	這是哪一種
909000	910000	所以是用在
910000	911000	醫學上來講
911000	912000	用在預測的領域
912000	913000	也用得相當多
913000	914000	例如說
914000	915000	我們可以找到
915000	916000	有一些文章
916000	917000	是在預測
917000	918000	一個人會不會自殺
918000	919000	那自殺這個事情
919000	920000	說實話
920000	921000	是一個相當
921000	922000	難以預測的事情
922000	923000	但是目前看起來
923000	924000	機械學習可以
924000	925000	預測的人
925000	926000	還不錯
926000	927000	而且是看起來
927000	928000	用機械學習
928000	929000	來做的一個處理
929000	930000	會比過去的研究
930000	931000	的預測能力
931000	932000	都再好一些
932000	933000	那也有一些人
933000	934000	用在他這個人
934000	935000	會不會生病
935000	936000	也有一些開始
936000	937000	來做就是說
937000	938000	我們對這個治療的
938000	939000	療效的一個預測
939000	940000	的能力這樣子
940000	941000	所以這就是
941000	942000	我們在這個領域
942000	943000	裡面想要做的
943000	944000	就是說
944000	945000	我們有沒有辦法
945000	946000	根據一個人
946000	947000	他所有的特性
947000	948000	裡面來給他一個
948000	949000	最適合的藥物
949000	950000	這樣子
950000	951000	例如說
951000	952000	過去我們就是
952000	953000	這些人
953000	954000	給他同一種藥物
954000	955000	他沒有可能
955000	956000	有些人有好處
956000	957000	有些人沒有好處
957000	958000	有些人會有壞處
958000	959000	但是一旦之後
959000	960000	我們就可以根據
960000	961000	不同人的特性
961000	962000	給予不同的藥物
962000	963000	希望每個人
963000	964000	都可以得到好處
964000	965000	那這個
965000	966000	病人化醫療
966000	967000	或是精準醫療
967000	968000	我們所需要
968000	969000	達到的一個目標
971000	972000	好那
972000	973000	機械學習
973000	974000	也許很多人都知道
974000	975000	但是像我就是
975000	976000	博士後才開始學習
976000	977000	這個領域的
977000	978000	所以我就簡單講一下
978000	979000	機械學習
979000	980000	但是因為我是
980000	981000	我只能講一個
981000	982000	相當一個概念式
982000	983000	一個的資料
983000	984000	這樣子
984000	985000	那例如說
985000	986000	我們可能在
986000	987000	一般人的學習
987000	988000	就是我們的學習
988000	989000	事實上是
989000	990000	不同的方式
990000	991000	不同的模式
991000	992000	這樣子
992000	993000	比方說我們大學
993000	994000	是植物的時候
994000	995000	我們可能會
995000	996000	是看到很多種
996000	997000	植物
997000	998000	那老師會告訴你
998000	999000	這個規則
999000	1000000	例如說
1000000	1001000	哪幾個是蘋果
1001000	1002000	我們就說
1002000	1003000	蘋果大概就是
1003000	1004000	拳頭大小
1004000	1005000	然後上面寬
1005000	1006000	下面窄
1006000	1007000	然後梗的地方
1007000	1008000	要凹陷下去
1008000	1009000	那紅色或綠色
1009000	1010000	我們可以找到
1010000	1011000	很多規則
1011000	1012000	然後把這些
1012000	1013000	或是規則的東西
1013000	1014000	把它挑選出來
1014000	1015000	就可以找到
1015000	1016000	什麼是蘋果
1016000	1017000	那這就是
1017000	1018000	我們一般人的
1018000	1019000	在過去的
1019000	1020000	傳統的一些
1020000	1021000	程式的模式
1021000	1022000	大概就是
1022000	1023000	蘋果
1023000	1024000	但是我們自己
1024000	1025000	在養小孩的過程
1025000	1026000	就知道說
1026000	1027000	事實上
1027000	1028000	真正的學習
1028000	1029000	可能不是這回事
1029000	1030000	你就拿一個
1030000	1031000	告訴小朋友說
1031000	1032000	來我們今天吃蘋果
1032000	1033000	他看到那個水果
1033000	1034000	就知道是蘋果
1034000	1035000	那他可能下次
1035000	1036000	看到橘子也說
1036000	1037000	那是蘋果
1037000	1038000	你跟他說
1038000	1039000	不是這不是蘋果
1039000	1040000	這是橘子
1040000	1041000	這樣反覆的
1041000	1042000	幾次的訓練之後
1042000	1043000	慢慢他就知道說
1043000	1044000	蘋果是什麼樣子的
1044000	1045000	你從來不需要去
1045000	1046000	告訴他什麼是規則
1046000	1047000	例如說蘋果
1047000	1048000	是什麼顏色的
1048000	1049000	什麼樣子
1049000	1050000	但是你因為
1050000	1051000	反覆的在教他
1051000	1052000	所以這就是我們
1052000	1053000	機械學習的精神
1053000	1054000	就是我們只要
1054000	1055000	把這個資料
1055000	1056000	以及把這個
1056000	1057000	背後的答案告訴他
1057000	1058000	他自然會找到一個規則
1058000	1059000	下次他看到
1059000	1060000	一個水果的時候
1060000	1061000	他就告訴你說
1061000	1062000	這是不是蘋果
1062000	1063000	所以這就是一個
1063000	1064000	機械學習的一個
1064000	1065000	精神在這裡
1066000	1067000	那機械學習
1067000	1069000	有很多背後的理論
1069000	1070000	講起來
1070000	1072000	大概都是很大的學問
1072000	1073000	但是不過一般來講
1073000	1074000	簡單來講
1074000	1075000	就是可以
1075000	1076000	零零灑灑
1076000	1077000	大概分為這個
1077000	1078000	如果是細分一點
1078000	1079000	可能可以分為
1079000	1080000	好幾十類
1080000	1081000	那簡單來講
1081000	1082000	大概就是
1082000	1083000	有這幾大類
1083000	1084000	那我就先
1084000	1086000	跳過去好了
1086000	1087000	這個之後
1087000	1088000	有需要再說
1088000	1089000	不過目前來講
1089000	1090000	大概最重要的
1090000	1091000	大概就是這個
1091000	1092000	深度學習
1092000	1093000	這一部分來講
1093000	1094000	是在這個
1094000	1095000	隱喧學的判斷裡面
1095000	1096000	算是蠻重要的
1096000	1097000	那我們不太知道
1097000	1098000	是說
1098000	1099000	他在
1099000	1100000	運用在這個
1100000	1101000	流行病學的資料裡面
1101000	1102000	到底會不會好一點
1102000	1104000	這我們不曉得
1104000	1105000	那所以目前來講
1105000	1106000	這個就是
1106000	1107000	大概到底在
1107000	1108000	這個流行病學
1108000	1109000	這種比較屬於
1109000	1110000	我們不知道
1110000	1111000	大概能不能用
1111000	1112000	我們不太知道這樣子
1112000	1113000	好
1113000	1114000	那機械學習事實上
1114000	1115000	是除了這種
1115000	1116000	個別的學習之外
1116000	1117000	事實上
1117000	1118000	有一些人認為
1118000	1119000	就開始是想說
1119000	1120000	我們有沒有
1120000	1121000	可以做出一個
1121000	1122000	綜合學習
1122000	1123000	例如說
1123000	1124000	有一些方法
1124000	1125000	例如說
1125000	1126000	比方說這個
1126000	1127000	我們可不可以
1127000	1128000	就是說
1128000	1129000	比方說
1129000	1130000	我們一單一的學習
1130000	1131000	有可能是學得
1131000	1132000	好或不好
1132000	1133000	但是我們就是用一個
1133000	1134000	三個臭皮匠
1134000	1135000	勝過一個諸葛亮的概念
1135000	1136000	我們就給他用
1136000	1137000	很多這個決定數
1137000	1138000	比方說
1138000	1139000	給他一些決定數
1139000	1140000	那讓他們來投票
1140000	1141000	看說會不會能達到
1141000	1142000	更好的效果
1142000	1143000	這叫vegging的方式
1143000	1145000	那有些東西叫做
1145000	1146000	boosting的方式
1146000	1147000	例如說
1147000	1148000	我們可能是
1148000	1149000	有些東西我們學錯了
1149000	1150000	那跟學錯那些地方
1150000	1151000	我們再給他加強學習
1151000	1152000	再做一個
1152000	1153000	反反覆覆的一個練習
1153000	1154000	我們是不是可以學到
1154000	1155000	更好的一個模式
1155000	1156000	這就是
1156000	1157000	gradient boosting
1157000	1158000	machine的一個概念
1158000	1159000	這樣子
1159000	1160000	還有一些更難的
1160000	1161000	就是說
1161000	1162000	staking的概念
1162000	1163000	就是說
1163000	1164000	我們就是把
1164000	1165000	不同的學習模式
1165000	1166000	例如說
1166000	1167000	剛剛講到的
1167000	1168000	簡單背式
1168000	1169000	random forest
1169000	1170000	或者是
1170000	1171000	gradient boosting
1171000	1172000	machine的方式
1172000	1173000	把各種學習的結果
1173000	1174000	把它弄出來
1174000	1175000	我們再來做一個
1175000	1176000	第二層次的學習
1176000	1177000	來產生一個最
1177000	1178000	一個效果
1178000	1179000	看這樣的效果
1179000	1180000	是不是會能夠勝過
1180000	1181000	之前的這一些
1181000	1182000	而達到最大的效果
1182000	1183000	這種方法叫做
1183000	1184000	一個staking
1184000	1185000	這樣子
1185000	1186000	所以我們staking
1186000	1187000	大概會比喻成
1187000	1188000	就是像是
1188000	1189000	護手者聯盟
1189000	1190000	每個人都有不同的
1190000	1191000	特異功能
1191000	1192000	但是他是
1192000	1193000	基本上他
1193000	1194000	但組合起來就是一個很強
1194000	1195000	一個強
1195000	1196000	一個隊伍這樣子
1196000	1197000	大概如果是staking的話
1197000	1198000	雖然不是一定
1198000	1199000	但是
1199000	1200000	大部分來講
1200000	1201000	最後的結果
1201000	1202000	大概可能都會比這個
1202000	1203000	個別的學習能力
1203000	1204000	再好一些這樣子
1204000	1205000	所以目前來講
1205000	1206000	大概staking是一個
1206000	1208000	一個方向這樣子
1210000	1211000	好
1211000	1212000	所以說我們知道
1212000	1213000	機械學習
1213000	1214000	它有各種各式各樣的
1214000	1215000	方式跟理論
1215000	1216000	那
1216000	1218000	但是資料從哪裡來呢
1218000	1219000	那
1219000	1220000	以台灣來說
1220000	1221000	事實上我們大概有
1221000	1222000	幾個大型的資料
1222000	1223000	可以使用
1223000	1224000	大概最常見的
1224000	1225000	大概就是健保資料
1225000	1226000	那
1226000	1227000	我們知道在台灣的健保
1227000	1228000	幾乎全人民都納保
1228000	1229000	所以基本上
1229000	1230000	它的母數
1230000	1231000	大概就是2300萬的資料
1231000	1232000	這樣子
1232000	1233000	所以它有相當大的
1233000	1234000	一個樣本
1234000	1235000	那事實上
1235000	1236000	但是它的缺點是說
1236000	1237000	它的資訊
1237000	1239000	大概都是比較限制住的
1239000	1240000	就是說
1240000	1241000	每個人的就醫的資料
1241000	1242000	所以事實上
1242000	1243000	像我可能
1243000	1244000	也許我有回放的問題
1244000	1245000	但是只要我沒有看醫生
1245000	1246000	他們就不會有任何
1246000	1247000	這些資料
1247000	1248000	告訴我的
1248000	1249000	告訴我體重是多少
1249000	1250000	除非我看醫生
1250000	1251000	才知道這樣子
1251000	1252000	所以它的資料
1252000	1253000	就變成是說
1253000	1254000	就是不是那麼完整
1254000	1255000	好
1255000	1256000	那還有很多重要的
1256000	1257000	一些資料
1257000	1258000	例如說
1258000	1259000	我沒有抽菸的習慣
1259000	1260000	我沒有喝酒的習慣
1260000	1261000	這些資料
1261000	1262000	事實上
1262000	1263000	在這個健保資料庫裡面
1263000	1264000	是完全沒有的
1264000	1265000	好
1265000	1266000	那相對的電子病歷來講
1266000	1267000	就會比較完整一點
1267000	1268000	一個醫生
1268000	1269000	他會根據這個病人
1269000	1270000	一些重要的特徵
1270000	1272000	把它變成一個電子病歷
1272000	1273000	那電子病歷
1273000	1274000	大概是在這10年以來
1274000	1275000	幾乎是已經全面化了
1275000	1276000	所以大概
1276000	1277000	就是我們電子病歷的資料
1277000	1278000	大概至少有
1278000	1279000	10年以上的病歷
1279000	1280000	的資料可以用
1280000	1281000	但是
1281000	1282000	電子病歷
1282000	1283000	有幾個問題在說
1283000	1284000	第一個
1284000	1285000	它是屬於文字性的資料
1285000	1286000	所以你要變成
1286000	1287000	可以一個
1287000	1288000	直接去分析
1288000	1289000	事實上
1289000	1290000	你要經過很多方式的處理
1290000	1291000	才有辦法直接分析
1291000	1292000	好
1292000	1293000	加上第二個是說
1293000	1294000	每個醫生
1294000	1295000	他寫的病歷的品質
1295000	1296000	良莠不齊
1296000	1297000	有些人寫得很詳細
1297000	1298000	但是有些
1298000	1299000	也許就是
1299000	1300000	就是把過去的病歷
1300000	1301000	就再抄一遍
1301000	1302000	再抄一遍
1302000	1303000	事實上
1303000	1304000	病情可能有一些變化
1304000	1305000	但是
1305000	1306000	並沒有辦法
1306000	1307000	在病歷上顯現出來
1307000	1308000	或者是說
1308000	1309000	有一些
1309000	1310000	病人
1310000	1311000	很嚴重的病人
1311000	1312000	他並沒有辦法提供
1312000	1313000	很完整的資訊
1313000	1314000	有可能是病人的問題
1314000	1315000	或者是醫生的疏失
1315000	1316000	例如說
1316000	1317000	很多
1317000	1318000	例如說
1318000	1319000	我們應該要有這個
1319000	1320000	家族史的資料
1320000	1321000	但是有些時候
1321000	1322000	我們看到這個家族史的資料
1322000	1323000	是完全空白的
1323000	1324000	所以理論上
1324000	1325000	是這個電子病歷
1325000	1326000	會有提供
1326000	1327000	更完整的一個資料
1327000	1328000	但是事實上
1328000	1329000	有很多所謂
1329000	1330000	非結果上的問題
1330000	1331000	這是要去處理的
1331000	1332000	而且事實上
1332000	1333000	不同的醫院裡面
1333000	1334000	事實上
1334000	1335000	有不同的格式
1335000	1336000	例如說
1336000	1337000	在比較大型的
1337000	1338000	醫學中心裡面
1338000	1339000	很多醫生
1339000	1340000	都是用英文寫病歷
1340000	1341000	但是你知道
1341000	1342000	事實上
1342000	1343000	在很多醫院裡面
1343000	1344000	事實上
1344000	1345000	病歷是用中文的
1345000	1346000	然後例如說
1346000	1347000	是有一些醫院
1347000	1348000	它的病歷記載
1348000	1349000	是給一些專科護理師
1349000	1350000	或者其他的人
1350000	1351000	他們是習慣
1351000	1352000	用這個中文來寫病歷
1352000	1353000	所以事實上
1353000	1354000	我們的語言上
1354000	1355000	不同的格式
1355000	1356000	這些都是在
1356000	1357000	處理這種病歷資料上
1357000	1358000	是一個比較難的
1358000	1359000	一個問題
1359000	1360000	那還有一個資料
1360000	1361000	是屬於這個
1361000	1362000	Biobank
1362000	1363000	這個大概就是
1363000	1364000	想要做基因的
1364000	1365000	大家都會知道
1365000	1366000	這個資料
1366000	1367000	事實上
1367000	1368000	慢慢在建立
1368000	1369000	是越來越多
1369000	1370000	我過去知道是兩萬B
1370000	1371000	也許現在越來越多
1371000	1372000	也說不定
1372000	1373000	所以事實上
1373000	1374000	他們有一些詳細的
1374000	1375000	一些基因的資料
1375000	1376000	那有一些基本資料的調查
1376000	1377000	所以事實上
1377000	1378000	如果說
1378000	1379000	你做的疾病
1379000	1380000	是一個比較
1380000	1381000	盛行率比較高的疾病
1381000	1382000	事實上Biobank裡面
1382000	1383000	它因為它有
1383000	1384000	很深度的資料
1384000	1385000	可以來使用
1385000	1386000	好
1386000	1387000	那另外我們國家
1387000	1388000	也提供了很多撥的
1388000	1389000	這些大型的
1389000	1390000	全體調查
1390000	1391000	例如說
1391000	1392000	有些是重大年齡調查
1392000	1393000	有些是營養調查
1393000	1394000	有些是
1394000	1395000	精神衛生調查
1395000	1396000	事實上
1396000	1397000	他們的調查
1397000	1398000	大概都是
1398000	1399000	可能五千到一萬左右
1399000	1400000	那甚至有一些是
1400000	1401000	調查是重複兩三次的
1401000	1402000	所以事實上
1402000	1403000	如果我們要做一些
1403000	1404000	健康分析的資料
1404000	1405000	這也是一個
1405000	1406000	很好用的資料
1406000	1407000	好
1407000	1408000	那不過今天如果說
1408000	1409000	我把這個主題
1409000	1410000	限制在這個
1410000	1411000	精神分裂症
1411000	1412000	它的盛行率大概百分之一
1412000	1413000	如果說
1413000	1414000	那而且我們知道說
1414000	1415000	機械學習
1415000	1416000	需要一個
1416000	1417000	很大量的資料的話
1417000	1418000	目前最好用的
1418000	1419000	還是一個健保資料庫
1419000	1420000	這樣子
1420000	1421000	好
1421000	1422000	所以臨床上來講
1422000	1423000	我們來看病
1423000	1424000	大概我們需要
1424000	1425000	大概就是照
1426000	1427000	例如說他的性別
1427000	1428000	年齡
1428000	1429000	他的一些生活習慣
1429000	1430000	胖瘦
1430000	1431000	等等之類的
1431000	1432000	他有沒有
1432000	1433000	其他的一些疾病
1433000	1434000	以及他有沒有
1434000	1435000	過去有沒有吃過藥
1435000	1436000	治療過
1436000	1437000	效果怎麼樣
1437000	1438000	他現在有沒有服用
1438000	1439000	什麼樣的藥物
1439000	1441000	他過去對藥物的
1441000	1442000	順從性怎麼樣
1442000	1443000	還有他的症狀
1443000	1444000	是哪一種
1444000	1445000	之類的
1445000	1446000	我們大概都需要
1446000	1447000	知道這些資訊來看
1447000	1448000	好
1448000	1449000	那在治療上
1449000	1450000	效果來講
1450000	1451000	我們評估
1451000	1452000	大概就是評估
1452000	1453000	他症狀有沒有好轉
1453000	1454000	有沒有好吃藥
1454000	1455000	但是這些資料來講
1455000	1456000	事實上
1456000	1457000	有些資料是
1457000	1458000	是
1458000	1459000	好
1459000	1460000	所以我們大概是需要
1460000	1461000	這些資料來看
1461000	1462000	那事實上
1462000	1463000	實務上來講
1463000	1464000	這些資料到底可不可行呢
1464000	1465000	我們就
1465000	1466000	大概就比較一下
1466000	1467000	健保資料庫跟這個
1467000	1468000	電子病歷的部分
1468000	1469000	這樣子
1469000	1470000	那事實上健保資料庫
1470000	1471000	他對於病人的年齡
1471000	1472000	性別都很好的
1472000	1474000	很好的一些東西
1474000	1475000	那甚至經濟狀況
1475000	1476000	也可以
1476000	1477000	藉由他這個
1477000	1478000	投保的經費
1478000	1479000	來做推估
1479000	1480000	但是有很多東西
1480000	1481000	是沒有
1481000	1482000	例如說家族病史
1482000	1483000	等等之類
1483000	1484000	是沒有的
1484000	1485000	所以理論上
1485000	1486000	這部分來講
1486000	1487000	這個電子資料
1487000	1488000	會電子病歷
1488000	1489000	會比較好一點
1489000	1490000	好
1490000	1491000	但是在這個
1491000	1492000	這個共病的部分來講
1492000	1493000	在健保資料庫
1493000	1494000	會有蠻多詳細的資料
1494000	1495000	以及就過去的
1495000	1496000	治療病史
1496000	1497000	之類的
1497000	1498000	所以我們評估起來
1498000	1499000	大概是
1499000	1500000	健保資料庫
1500000	1501000	最缺的
1501000	1502000	大概就是症狀
1502000	1503000	這一部分
1503000	1504000	以及他們的功能怎麼樣
1504000	1505000	例如說有些人
1505000	1506000	事實上是
1506000	1507000	在生病之前
1507000	1508000	能力相當好
1508000	1509000	他的預後
1509000	1510000	會好一點點
1510000	1511000	但是
1511000	1512000	所以這些功能的資料
1512000	1513000	他一個人會不會
1513000	1514000	好好吃藥
1514000	1515000	就看到他的
1515000	1516000	那個社會的支持
1516000	1517000	怎麼樣
1517000	1518000	他的爸爸媽媽兄弟姐妹
1518000	1519000	都很關心
1519000	1520000	而且每個人
1520000	1521000	都有人可以陪著他
1521000	1522000	事實上
1522000	1523000	這樣的病人
1523000	1524000	我們預期他的
1524000	1525000	服用的順從性
1525000	1526000	會高一點點
1526000	1527000	那如果一個這個人
1527000	1528000	是資深來台北念書
1528000	1529000	事實上
1529000	1530000	他的家人
1530000	1531000	也都在南部種田
1531000	1532000	或者之類的
1532000	1533000	就是沒有什麼人
1533000	1534000	住在他身邊的話
1534000	1535000	他事實上
1535000	1536000	他這個服藥的順從性
1536000	1537000	就比較難一點
1537000	1538000	所以這些都是
1538000	1539000	事實上會影響到
1539000	1540000	這個治療的效果
1540000	1541000	但是
1541000	1542000	我們在健保資料庫
1542000	1543000	裡面完全都沒有
1543000	1545000	那在效果的評估上來講
1545000	1546000	事實上
1546000	1547000	這些我們也看不到
1547000	1548000	他症狀的變化
1548000	1549000	這樣子
1549000	1550000	但是電子病歷上
1550000	1551000	事實上可以看得到的
1551000	1552000	但是
1552000	1553000	所以我們健保資料庫
1553000	1554000	能夠做的
1554000	1555000	大概就是
1555000	1556000	只能看看說
1556000	1557000	他到底有沒有換藥
1557000	1558000	因為一般來講
1558000	1559000	會換藥
1559000	1560000	要嘛是沒有效果
1560000	1561000	要嘛是這個副作用
1561000	1562000	但是
1562000	1563000	但是病人又需要治療
1563000	1564000	所以我們會有
1564000	1565000	這換藥的
1565000	1566000	換藥算是一個
1566000	1567000	比較算是一個
1567000	1568000	算是可以的指標
1568000	1569000	那另外是住院
1569000	1570000	住院的話
1570000	1571000	我們病人
1571000	1572000	事實上是這個
1572000	1573000	一直好不起來
1573000	1574000	或是越來越嚴重
1574000	1575000	我們就需要去住院
1575000	1576000	來做治療
1576000	1577000	那住到精神科
1577000	1578000	假如說
1578000	1579000	這個精神疾病的惡化
1579000	1580000	那如果住到內外科的話
1580000	1581000	有可能是
1581000	1582000	本身的
1582000	1583000	內外科的問題
1583000	1584000	或者是說
1584000	1585000	因為可能有一些
1585000	1586000	這個藥物的副作用
1586000	1587000	或者是
1587000	1588000	有一些是因為
1588000	1589000	他這個人
1589000	1590000	發生了一些暴力行為
1590000	1591000	或自殺
1591000	1592000	住院這樣子
1592000	1593000	所以我們就把這些
1593000	1594000	這個
1594000	1595000	換藥或者是住院
1595000	1596000	拿進來
1596000	1597000	當成是我們
1597000	1598000	那個訓練的
1598000	1599000	一個標的
1600000	1601000	好
1601000	1602000	所以基本上來講
1602000	1603000	我們就是
1603000	1604000	我們的治療大概就是
1604000	1605000	我們就定義的
1605000	1606000	什麼叫做
1606000	1607000	例如說
1607000	1608000	我們就把它定義成
1608000	1609000	是說
1609000	1610000	治療成功的人
1610000	1611000	就是說他一年內
1611000	1612000	都沒有換過藥
1612000	1613000	也沒有住過院
1613000	1614000	我們就定義
1614000	1615000	他是治療成功這樣子
1615000	1616000	那因為這個
1616000	1617000	換藥與否
1617000	1618000	跟這個
1618000	1619000	換藥算是一個比較
1619000	1620000	沒那麼精準的
1620000	1621000	一個定義
1621000	1622000	這個有時候
1622000	1623000	事實上
1623000	1624000	那是病人
1624000	1625000	明明是
1625000	1626000	藥效還不錯
1626000	1627000	但病人就是
1627000	1628000	不喜歡這個藥
1628000	1629000	所以我們就定義
1629000	1630000	是一個比較
1630000	1631000	明確的治療
1631000	1632000	所以我們又是
1632000	1633000	做一個比較
1633000	1634000	簡單的分析
1634000	1635000	就做一個
1635000	1636000	Sensitivity Analysis
1636000	1637000	就是拿住院
1637000	1638000	來看第二次這樣子
1638000	1639000	再看一下說
1639000	1640000	到底結果是不是一樣
1640000	1641000	好
1641000	1642000	那我們
1642000	1643000	所以我們的那個
1643000	1644000	Label的部分
1644000	1645000	就是這些
1645000	1646000	這些
1646000	1647000	我們的治療有沒有成功
1647000	1648000	那定義就是
1648000	1649000	沒有換藥
1649000	1650000	也沒有住院
1650000	1651000	那在這個
1651000	1652000	治療上來講
1652000	1653000	我們就看看
1653000	1654000	他用了哪一種藥物
1654000	1655000	以及病人有哪些特質
1655000	1656000	例如說這個
1656000	1657000	到底是年齡
1657000	1658000	或者是
1658000	1659000	什麼樣的藥物
1659000	1660000	我們就用這個
1660000	1661000	來做Future
1661000	1662000	來做Training這樣子
1662000	1663000	好
1663000	1664000	那我們知道台灣
1664000	1665000	大概有20種藥物
1665000	1666000	所以我們就會把
1666000	1667000	這些東西
1667000	1668000	把它放進去
1668000	1669000	來看
1669000	1670000	好
1670000	1671000	那怎麼去訓練
1671000	1672000	這個模式
1672000	1673000	大概事實上
1673000	1674000	是有兩種方法
1674000	1675000	這樣子
1675000	1676000	例如說
1676000	1677000	我們如果是比較偏
1677000	1678000	這個
1678000	1679000	如果是比較偏
1679000	1680000	這個
1680000	1681000	電腦科學的人
1681000	1682000	大概就是說
1682000	1683000	我們就直接去
1683000	1684000	預測出
1684000	1685000	他的治療成功率
1685000	1686000	有多少
1687000	1688000	那因為有20種藥物
1688000	1690000	所以我們就把
1690000	1691000	分成20種Model
1691000	1692000	來做訓練
1692000	1693000	事實上一次做也可以
1693000	1694000	但是一次做
1694000	1695000	會比較複雜一點
1695000	1696000	因為很多變相
1696000	1697000	要去做交互作用
1697000	1698000	但是我們就把
1698000	1699000	分成20種藥物
1699000	1700000	然後根據
1700000	1701000	不同用藥的人
1701000	1702000	來去做20種Model
1702000	1704000	然後去找出
1704000	1705000	我們去把它算出
1705000	1707000	說哪一種藥物最好
1707000	1708000	好
1708000	1710000	但是在臨床上來講
1710000	1711000	臨床醫生他們
1711000	1712000	在考慮這個
1712000	1713000	個別化醫療的時候
1713000	1714000	他們往往想看的是說
1714000	1715000	到底是
1715000	1716000	例如說
1716000	1717000	年紀大的人
1717000	1718000	適合哪一種藥物
1718000	1719000	那年紀輕的人
1719000	1720000	適合哪一種藥物
1720000	1721000	所以事實上
1721000	1722000	他們很喜歡做的
1722000	1723000	就是做所謂的
1723000	1724000	Subgroup Analysis
1724000	1725000	我們去找到說
1725000	1726000	到底是說
1726000	1727000	什麼樣的特質
1727000	1728000	適合什麼樣的藥物
1728000	1729000	希望能夠找到
1729000	1730000	這個規則來說
1730000	1731000	所以事實上
1731000	1732000	另一種做法
1732000	1733000	大概就是說
1733000	1734000	我們就把病人
1734000	1735000	做為不同的分組
1735000	1736000	來看看哪一種藥物
1736000	1737000	藥效最好
1737000	1738000	那這種比較
1738000	1739000	往往就是需要
1739000	1740000	Pairwise的比較
1740000	1741000	這樣子
1741000	1742000	例如說
1742000	1743000	我就是A藥跟B藥
1743000	1744000	來做相比
1744000	1745000	數字的話
1745000	1746000	例如說
1746000	1747000	這一組的人
1747000	1748000	他的藥效是
1748000	1749000	可以增加12分
1749000	1750000	是比較好的
1750000	1751000	那這種只能增加11分
1751000	1752000	只要是9分
1752000	1753000	所以我們是要說
1753000	1754000	是在這一組的人
1754000	1755000	事實上這個藥
1755000	1756000	是比較好的這樣子
1756000	1757000	那如果是負的話
1757000	1758000	表示說
1758000	1759000	事實上這一組
1759000	1760000	事實上應該是選擇
1760000	1761000	另外一種藥物
1761000	1762000	這樣子來看
1762000	1763000	所以我們事實上
1763000	1764000	可以做所謂的
1764000	1765000	Subgroup Analysis
1765000	1766000	這樣子
1766000	1767000	好
1767000	1768000	那我過去大概用的
1768000	1769000	都是用這種方法
1769000	1770000	但是我在哈維學院
1770000	1771000	他們就比較鼓勵
1771000	1772000	用這種方法
1772000	1773000	他們認為這樣的方法
1773000	1774000	是比較公平一點
1774000	1775000	但是那計算的過程
1775000	1776000	事實上是複雜很多
1776000	1778000	整個速度是慢很多的
1778000	1779000	但是這兩種
1779000	1780000	事實上跑出來的結果
1780000	1781000	事實上是很接近的
1781000	1783000	我有跑過不同的比較
1783000	1784000	那個kappa值大概是0.8
1784000	1785000	表示說
1785000	1786000	事實上不論怎麼樣訓練
1786000	1787000	事實上結果是
1787000	1788000	大致上是一致的
1788000	1789000	這樣子
1790000	1791000	好
1791000	1792000	所以我們就做一個
1792000	1793000	簡單的Summary
1793000	1794000	我們就拿這個健保治療庫
1794000	1795000	來做
1795000	1796000	那我們知道
1796000	1797000	這個盛行率大概1%左右
1797000	1798000	所以理論上
1798000	1799000	大概會有
1799000	1800000	20萬左右的病人
1800000	1801000	但實際上我們去
1801000	1802000	比較嚴格的篩定之後
1802000	1803000	比較確定的
1803000	1805000	大概就是15萬左右
1805000	1806000	那我們有20個
1806000	1808000	20種藥物來做訓練
1808000	1809000	好
1809000	1810000	那在這些學習裡面
1810000	1811000	大概就是要定義
1811000	1812000	哪些是training data
1812000	1813000	哪些是test data
1813000	1814000	這樣子
1814000	1815000	那一般來講就是
1815000	1817000	直接就random來去分個
1817000	1818000	例如說
1818000	1819000	4比1的來做分配
1819000	1820000	這樣子
1820000	1821000	那不過我個人
1821000	1822000	比較希望的是說
1822000	1823000	我們有辦法從這個
1823000	1825000	過去的資料來預測未來
1825000	1826000	就是
1826000	1827000	就像我們基金
1827000	1828000	用過去的績效
1828000	1829000	來推測未來的獲利
1829000	1830000	這樣子
1830000	1831000	所以我比較希望是說
1831000	1832000	從過去的資料裡面
1832000	1833000	來做訓練
1833000	1835000	然後來推測未來
1835000	1836000	但是這樣的缺點就是說
1836000	1837000	這兩組資料
1837000	1839000	事實上是不會是一樣的
1839000	1840000	如果我們隨機分配的話
1840000	1841000	這兩組理論上是
1841000	1842000	幾乎是一樣的
1842000	1843000	但是這樣的過程
1843000	1844000	就不見得是一樣的
1844000	1845000	所以我就是用
1845000	1846000	過去的資料來預測未來
1846000	1847000	是不是能夠達到
1847000	1849000	預測的效果
1850000	1851000	好
1851000	1852000	那GCM學習的模式
1852000	1853000	大概就是
1853000	1855000	選擇這三種模式
1855000	1856000	然後來做比較
1856000	1857000	一個就是我們
1857000	1858000	統計上常用的
1858000	1859000	就是這個
1859000	1860000	回歸分析這樣子
1860000	1861000	好
1861000	1862000	那另外講的就是
1862000	1863000	剛剛講的這種
1863000	1864000	Staking的方式
1864000	1865000	來做綜合學習
1865000	1866000	我們就用這個
1866000	1867000	一些程式來跑
1867000	1868000	例如說我們就把一些
1868000	1870000	比較強的一個
1870000	1871000	這個
1871000	1872000	regression model裡面
1872000	1873000	去做比較強的
1873000	1874000	一些學習模式
1874000	1875000	例如說random forest
1875000	1876000	granted boosting machine
1876000	1877000	等等之類的
1877000	1878000	來做一些學習
1878000	1879000	這樣子
1879000	1880000	那我們也會比較
1880000	1881000	這個deep learning的部分
1881000	1882000	來看看說
1882000	1883000	到底它有沒有
1883000	1884000	比較好的方法
1884000	1885000	那因為是學統計的
1885000	1886000	所以大概就是
1886000	1887000	會都用
1887000	1888000	用的程式就是R
1888000	1889000	這樣子
1891000	1892000	那outcome measure
1892000	1893000	大概只要看兩個東西
1893000	1894000	一個是說
1894000	1895000	我們能不能達到
1895000	1896000	比較好的預測
1896000	1897000	那另一個是說
1897000	1898000	我們如果是
1898000	1899000	預測出來的治療
1899000	1900000	會不會有
1900000	1901000	比較好的成功率
1901000	1902000	這樣子
1902000	1903000	所以我們基本上是
1903000	1904000	做這兩個
1904000	1905000	outcome measure
1905000	1906000	這樣子
1906000	1907000	那統計上來說
1907000	1908000	事實上我們就是
1908000	1909000	可以例如說
1909000	1910000	我們如果說是
1910000	1911000	藥物的治療
1911000	1912000	比上這個
1912000	1914000	機械選出來的
1914000	1915000	如果是這些病人
1915000	1916000	他的用藥符合
1916000	1917000	這個機械學習的
1917000	1918000	選定的藥物
1918000	1919000	比上這些
1919000	1920000	不符合的藥物
1920000	1921000	來看的話
1921000	1922000	看它的藥效如何
1922000	1923000	怎麼樣
1923000	1924000	我們一般來講
1924000	1925000	是可以用這個
1925000	1926000	邏輯式分析來看
1926000	1927000	這樣子
1927000	1928000	但是
1928000	1929000	但是目前有
1929000	1930000	比較更好的方法
1930000	1931000	是說
1931000	1932000	因為我們過去的
1932000	1933000	統計裡面
1933000	1934000	大概是在
1934000	1935000	比較簡單的變數
1935000	1936000	或者是
1936000	1937000	比較簡單的資料
1937000	1938000	在統計上
1938000	1939000	都沒有太大的問題
1939000	1940000	但是如果是
1940000	1941000	今天進入到
1941000	1942000	這個大資料
1942000	1943000	大數據的時代
1943000	1944000	事實上例如說
1944000	1945000	我們的變相
1945000	1946000	可能就兩百項左右
1946000	1947000	事實上
1947000	1948000	這些兩百項的變相
1948000	1949000	就是說
1949000	1950000	他們的分布
1950000	1951000	往往可能不符合
1951000	1952000	說我們的
1952000	1953000	所謂的常態分布
1953000	1954000	或者是二元分布
1954000	1955000	事實上那分布
1955000	1956000	可能每個變相
1956000	1957000	都有不同的變相
1957000	1958000	這樣子
1958000	1959000	所以目前來講
1959000	1960000	事實上機械學習
1960000	1961000	有在努力的
1961000	1962000	讓這個統計推論
1962000	1963000	更加精準一點
1963000	1964000	其中一個努力
1964000	1965000	叫做
1965000	1966000	Tagliabasima
1966000	1967000	Equilibrium Estimation
1967000	1968000	這樣的方式
1968000	1969000	他們就說
1969000	1970000	我們既然不知道這個
1970000	1971000	它的真正質量
1971000	1972000	分布如何
1972000	1973000	所以我們有可能是因為
1973000	1974000	根據我們的假設
1974000	1975000	來做這個
1975000	1976000	這個
1976000	1977000	統計量P值
1977000	1978000	這些估算
1978000	1979000	這些事實上
1979000	1980000	有可能是錯誤的
1980000	1981000	這樣子
1981000	1982000	那我們何不
1982000	1983000	用機械學習的能力
1983000	1984000	來告訴我們
1984000	1985000	真正的資料分布
1985000	1986000	是怎麼樣
1986000	1987000	來到最完整的推論
1987000	1988000	所以目前來講
1988000	1989000	大概是
1989000	1990000	有這樣的方法
1990000	1991000	來處理這樣子
1991000	1992000	所以基本上
1992000	1993000	這個方法
1993000	1994000	會比過去的方法
1994000	1995000	再精準一點
1995000	1996000	這樣子
1996000	1997000	而且這樣的方法
1997000	1998000	大概就是
1998000	1999000	所謂的
1999000	2000000	Double Robust Estimation
2000000	2001000	就是說
2001000	2002000	我們過去的處理
2002000	2003000	例如說
2003000	2004000	Logistic Regression
2004000	2005000	大概就是
2005000	2007000	我們把Compounder放進來
2007000	2008000	我們控制掉這一條線
2008000	2009000	跟這一條線
2009000	2010000	能達到一個
2010000	2011000	比較好的資料
2011000	2012000	這樣子
2012000	2013000	但事實上
2013000	2014000	這一條線
2014000	2015000	並不太能夠
2015000	2016000	去做控制
2016000	2017000	那就是說
2017000	2018000	Compounder也可能會影響到
2018000	2019000	治療的評估
2019000	2020000	所以
2020000	2021000	而且
2021000	2022000	怎麼講
2022000	2023000	好
2023000	2024000	基本上就是說
2024000	2025000	我們
2025000	2026000	好
2026000	2027000	就是說
2027000	2028000	要
2028000	2029000	因為Compounder處理
2029000	2030000	我們有兩種方式
2030000	2031000	來處理
2031000	2032000	例如說
2032000	2033000	我們可以做
2033000	2034000	在研究
2034000	2035000	我們就做
2035000	2036000	Randomized Control
2036000	2037000	就是做一個隨機分配
2037000	2038000	因為隨機分配的結果
2038000	2039000	事實上
2039000	2040000	這些治療A的人
2040000	2041000	跟治療B的人
2041000	2042000	他們Compounder
2042000	2043000	是一模一樣的
2043000	2044000	所以我們會讓這兩條線
2044000	2045000	是一模一樣
2045000	2046000	就把這條線
2046000	2047000	打破
2047000	2048000	一旦打破之後
2048000	2049000	Compounder就不會再影響到
2049000	2050000	我們這一條線的
2050000	2051000	估算這樣子
2051000	2052000	好
2052000	2053000	所以這是
2053000	2054000	這是一種方法
2054000	2055000	這樣子
2055000	2056000	那後續有很多像
2056000	2057000	例如說Matching的方式
2057000	2058000	就是配對的方式
2058000	2059000	或者是像
2059000	2060000	Property Score的方式
2060000	2061000	就想辦法把這兩個
2061000	2062000	Treatment跟
2062000	2063000	Compounder的
2064000	2065000	好
2065000	2066000	那事實上
2066000	2067000	我們還有另一種方式
2067000	2068000	就是說去做這個
2068000	2069000	我們回歸分析裡面
2069000	2070000	例如說
2070000	2071000	我們就把
2071000	2072000	把Compounder對
2072000	2073000	這個Outcome的影響
2073000	2074000	把它估算出來
2074000	2075000	這樣估算出來
2075000	2076000	我們就可以把
2076000	2077000	這一條線給消除掉
2077000	2078000	這樣子
2078000	2079000	所以基本上
2079000	2080000	我們過去的統計
2080000	2081000	大概是
2081000	2082000	要嘛是做這一條線
2082000	2083000	要嘛是做這一條線
2083000	2084000	那Double Robust
2084000	2085000	Estimation
2085000	2086000	大概就是
2086000	2087000	同時把做這兩條線
2087000	2088000	所以萬一有一條線
2088000	2089000	我們估算的不準的話
2089000	2090000	事實上還有
2090000	2091000	另一條線是準的
2091000	2092000	那這樣的結果
2092000	2093000	這個方式裡面
2093000	2094000	大概是可以用這個
2094000	2096000	機械學習來讓這個
2096000	2097000	統計的Distribution
2097000	2098000	更加的精準
2098000	2099000	那第二個是說
2099000	2100000	它從此處理的
2100000	2101000	這兩個方向的控制
2101000	2102000	所以這就是一個
2102000	2103000	Double Robust
2103000	2104000	Estimation這樣子
2104000	2105000	所以大概我們會用
2105000	2107000	這些東西來估算這樣子
2108000	2109000	好
2109000	2110000	那所以我們就開始
2110000	2111000	來看一下結果
2111000	2112000	好
2112000	2113000	那結果來看的話呢
2114000	2115000	好
2115000	2116000	結果來看的話
2116000	2117000	大概就是我們看一下
2117000	2118000	前八年
2118000	2119000	前八年的資料
2119000	2121000	跟後兩年的資料來看
2121000	2122000	事實上
2122000	2123000	這些基本上
2123000	2124000	這些資料來講
2124000	2125000	並沒有
2125000	2126000	不是那麼一致
2126000	2127000	但也沒有相差太遠
2127000	2128000	所以基本上
2128000	2129000	我們就大概看一下
2129000	2130000	說它的共併的情形
2130000	2131000	等等之類的這樣子
2131000	2132000	那基本上
2132000	2133000	相差不會太大這樣子
2133000	2134000	但是是
2134000	2135000	不太
2135000	2136000	不同的比數
2136000	2137000	不同的資料這樣子
2138000	2139000	好
2139000	2140000	那我們來看看
2140000	2141000	實際上的治療的情形
2141000	2142000	這是就是
2142000	2143000	開藥的
2143000	2144000	Prescription Rate
2144000	2145000	這樣子
2145000	2146000	就是我們的病人裡面
2146000	2147000	大概有百分之
2147000	2148000	十七的人
2148000	2149000	都用的是這種藥物
2149000	2150000	那有百分之十五的
2150000	2151000	藥物
2151000	2152000	所以我們就把藥物的
2152000	2153000	常用跟不常用
2153000	2154000	把它排序下來
2154000	2155000	這樣子
2155000	2156000	那百分之八十五的人
2156000	2157000	都是用單一的藥物來治療
2157000	2158000	但是有百分之十五左右的
2158000	2159000	他們是用
2159000	2160000	兩種藥物
2160000	2161000	合起來一起治療
2161000	2162000	這樣子
2162000	2163000	所以我們就是把這些
2163000	2164000	分佈告訴大家
2164000	2165000	那另外來講的話
2165000	2166000	我們會看一下說
2166000	2167000	它的那個
2167000	2168000	治療的成功率怎麼樣
2168000	2169000	好
2169000	2170000	那在這個
2170000	2171000	這個
2171000	2172000	最常用的這個藥物
2172000	2173000	它成功率大概三成
2173000	2174000	三十一
2174000	2175000	三十二%左右
2175000	2176000	那第二常用的
2176000	2177000	也是大概三十一左右
2177000	2178000	這樣子
2178000	2179000	所以我們就把它
2179000	2180000	這個藥物的治療成功率
2180000	2181000	告訴大家
2181000	2182000	這樣把它算出來
2182000	2183000	這樣
2183000	2184000	那平均來講的話
2184000	2185000	那個
2185000	2186000	那個有二十種藥物
2186000	2187000	只選了比較前十種
2187000	2188000	比較常用的藥物
2188000	2189000	它的治療成功率
2189000	2190000	大概百分之二十五左右
2190000	2191000	就是二十五%
2191000	2192000	事實上是
2192000	2193000	一年內沒有換藥
2193000	2194000	也沒有去住院的
2194000	2195000	這樣子
2195000	2196000	好
2196000	2197000	那在這個
2197000	2198000	就是兩種藥物
2198000	2199000	以上的話
2199000	2200000	它的成功率
2200000	2201000	稍微高一點點
2201000	2202000	這樣子
2202000	2203000	那其中最高的
2203000	2204000	大概就是這個組合
2204000	2205000	大概就是
2205000	2206000	百分之四十點三
2206000	2207000	這樣子
2207000	2208000	但是稍微比較高一點點
2208000	2209000	事實上
2209000	2210000	它這個治療的分佈
2210000	2211000	是這個情形
2211000	2212000	這樣子
2212000	2213000	好
2213000	2214000	那我們就來看看
2214000	2215000	用這個
2215000	2216000	我們Machine Learning的結果
2216000	2217000	那我只秀出
2217000	2218000	比較我們常用的一個
2218000	2219000	我們就看看它的
2219000	2220000	這個預測的治療的
2220000	2221000	準確性怎麼樣
2221000	2222000	那第一個就是
2222000	2225000	第一種Primary Outcome
2225000	2226000	就是說
2226000	2227000	我們不換藥
2227000	2228000	也不
2228000	2229000	沒有住院
2229000	2230000	它用傳統的統計
2230000	2231000	大概是七成左右
2231000	2232000	這樣子
2232000	2233000	那我們用D-Learning的話
2233000	2234000	它是
2234000	2235000	它在這個
2235000	2236000	Training Data的
2236000	2237000	Validation Data
2237000	2238000	在Validation Data
2238000	2239000	看起來是
2239000	2241000	七十三點九Percent
2241000	2242000	但在Testing Data來講
2242000	2243000	大概就是
2243000	2244000	七十一點八
2244000	2245000	這樣子
2245000	2246000	那我們如果是
2246000	2247000	做Staking的話
2247000	2248000	它事實上
2248000	2249000	它在Training Data來講
2249000	2250000	會更好一些
2250000	2251000	大概七十八Percent
2251000	2252000	但是事實上
2252000	2253000	如果在Testing Data
2253000	2254000	看起來就相差沒有很多
2254000	2255000	只差
2255000	2256000	差了千分之七而已
2256000	2257000	相差幾乎很小
2257000	2258000	這樣子
2258000	2259000	好
2259000	2260000	那事實上
2260000	2261000	這個數字不是很滿意
2261000	2262000	因為我們知道說
2262000	2263000	這個Outcome本身
2263000	2264000	就是一個比較複雜的
2264000	2265000	一個Outcome
2265000	2266000	有停
2266000	2267000	或者是這個住院
2267000	2268000	所以我們如果說
2268000	2269000	來看看的話
2269000	2270000	如果是把那個
2270000	2271000	換藥這部分
2271000	2272000	把它拿掉的話
2272000	2273000	大概就是會比較好一點點
2273000	2274000	它的Accuracy
2274000	2275000	會再高一些
2275000	2276000	這樣子
2276000	2277000	例如說在這個
2277000	2278000	D-Learning
2278000	2279000	它可以到將近到
2279000	2280000	七成
2280000	2281000	七成七
2281000	2282000	七成八這樣子
2282000	2283000	然後
2283000	2284000	這些也是可以達到
2284000	2285000	比較好的一個效果
2285000	2286000	但是在Testing Data裡面
2286000	2287000	事實上這兩個相差
2287000	2288000	幾乎是相差很小
2288000	2289000	這樣子
2289000	2290000	所以Accuracy
2290000	2291000	大概我們能夠做的
2291000	2292000	大概就是做到
2292000	2293000	七成八成
2293000	2294000	不到八成的程度
2294000	2295000	這樣子
2296000	2297000	那因為我們這樣算
2297000	2298000	所以我們用這個
2298000	2299000	比較直覺的方式
2299000	2300000	來看
2300000	2301000	例如說這個個案
2301000	2302000	它有這些特性
2302000	2303000	一個26歲
2303000	2304000	26歲的男性
2304000	2305000	他過去沒有住過
2305000	2306000	也沒有其他問題
2306000	2307000	那我們來看看
2307000	2308000	他跑出來的結果是怎麼樣
2308000	2309000	就每個藥
2309000	2310000	都可以跑出一個
2310000	2311000	他的治療成功的
2311000	2312000	機會的數值
2312000	2313000	這樣子
2313000	2314000	所以如果說
2314000	2315000	他用Respirator的話
2315000	2316000	他的治療成功是
2316000	2317000	0.542的
2317000	2318000	成功率
2318000	2319000	這樣子
2319000	2320000	但如果用第二
2320000	2321000	這個藥
2321000	2322000	它是0.51
2322000	2323000	那那個
2324000	2325000	大概是0.507
2325000	2326000	這樣子
2326000	2327000	所以我們就選擇
2327000	2328000	這前三種藥物
2328000	2329000	因為我知道
2329000	2330000	臨床醫師事實上
2330000	2331000	大概
2331000	2332000	如果你只告訴他
2332000	2333000	一種藥物來講
2333000	2334000	事實上他很難做
2334000	2335000	很難處理
2335000	2336000	但是如果你告訴他
2336000	2337000	三種可以選擇的話
2337000	2338000	臨床醫師會比較好用
2338000	2339000	所以我們就想說
2339000	2340000	他只要符合這
2340000	2341000	前三名的任何一種
2341000	2342000	就算是他是
2342000	2343000	積血所推薦的
2343000	2344000	一個藥物這樣來看
2344000	2345000	所以我們就把這
2345000	2346000	前三種
2346000	2347000	把它符合起來
2347000	2348000	那事實上每個人
2348000	2349000	都會有一個
2349000	2350000	Drug list
2350000	2351000	所以我們就是把
2351000	2352000	只要他符合他的
2352000	2353000	我們就認為說
2353000	2354000	他是屬於
2354000	2355000	就是屬於用
2355000	2356000	他的用藥
2356000	2357000	符合這個
2357000	2358000	那個機械
2358000	2359000	所選定的藥物
2359000	2360000	那如果說
2360000	2361000	他用的藥
2361000	2362000	跟這前三名無關
2362000	2363000	不是這三前三名的話
2363000	2364000	我們就認為說
2364000	2365000	他的用藥治療效果
2365000	2366000	這不屬於這個
2366000	2367000	機械所推薦的
2367000	2368000	這樣子
2368000	2369000	所以我們就拿
2369000	2370000	這觀察性的資料
2370000	2371000	來去做比對
2371000	2372000	發現到說
2372000	2373000	確實如果說是他
2373000	2374000	符合這個機械
2374000	2375000	所學習的藥物的話
2375000	2376000	他的治療成功率
2376000	2377000	可以到
2377000	2378000	到達4成4
2378000	2379000	44%
2379000	2380000	但是如果說他
2380000	2381000	用的藥
2381000	2382000	並不符合這個
2382000	2383000	機械所推薦的話
2383000	2384000	事實上
2384000	2385000	他的成功率只有
2385000	2386000	27.2%而已
2386000	2387000	這樣子
2387000	2388000	所以我們換算
2388000	2389000	結果來講
2389000	2390000	大概是
2390000	2391000	先校正掉這些問題
2391000	2392000	用比較深的統計方法
2392000	2393000	調整掉大概就是
2393000	2394000	相差大概就是
2394000	2395000	阿茲比率大概是
2395000	2396000	1.6
2396000	2397000	66%
2397000	2398000	但是如果是
2398000	2399000	比較這個差別
2399000	2400000	校正完之後
2400000	2401000	大概剩下
2401000	2402000	8%左右
2402000	2403000	所以我們去換算
2403000	2404000	他的那個
2404000	2405000	大概相差8%
2405000	2406000	這樣子
2406000	2407000	那用D-learning
2407000	2408000	跑出來的結果
2408000	2410000	比較小一點點
2410000	2411000	但跑出來的結果
2411000	2412000	也是差不多
2412000	2413000	大概7%左右
2413000	2414000	所以目前來講
2414000	2415000	看起來大概就是說
2415000	2416000	那個
2416000	2417000	會可以
2417000	2418000	差別
2418000	2419000	如果是差別的話
2419000	2420000	大概就是
2420000	2421000	可以差個7%
2421000	2422000	到8%
2422000	2423000	這樣子
2423000	2424000	好
2424000	2425000	那我們醫學上
2425000	2426000	常用一個名詞
2426000	2427000	叫做NNT
2427000	2428000	就是Not Many To Treat
2428000	2429000	就是說
2429000	2430000	我
2430000	2431000	這個
2431000	2432000	例如說我
2432000	2433000	就是
2433000	2434000	基本上就是
2434000	2435000	這個數字的導數
2435000	2436000	這樣子
2436000	2437000	意思就是說
2437000	2438000	我13個
2438000	2439000	每次要13個
2439000	2440000	有用這個方法
2440000	2441000	來做選藥
2441000	2442000	跟沒有用這個方法
2442000	2443000	來做選藥
2443000	2444000	每13個
2444000	2445000	就會有一個
2445000	2446000	真正是差別
2446000	2447000	這樣子
2447000	2448000	就是說
2448000	2449000	看起來這數字不是
2449000	2450000	就是
2450000	2451000	就是
2451000	2452000	就是13個
2452000	2453000	會有一個差別
2453000	2454000	這樣子
2454000	2455000	那如果說
2455000	2456000	你想想看
2456000	2457000	我們有15萬個病人的話
2457000	2458000	大概就是
2458000	2459000	可能就是
2459000	2460000	可能就有一兩萬個病人
2460000	2461000	會因為這樣
2461000	2462000	而受到
2462000	2463000	受到
2463000	2464000	得到
2464000	2465000	改善
2465000	2466000	這樣子
2466000	2467000	就可以這樣子
2467000	2468000	去推算
2468000	2469000	那所以基本上來講
2469000	2470000	我就簡單講
2470000	2471000	再重複一遍
2471000	2472000	事實上我們大概是
2472000	2473000	遇到的這個
2473000	2474000	accuracy
2474000	2475000	大概就七到八成左右
2475000	2476000	那我知道這個數字
2476000	2477000	給
2477000	2478000	跟一個
2478000	2479000	學電腦的
2479000	2480000	或工學院能聽到
2480000	2481000	都覺得這太好笑了
2481000	2482000	這個數字怎麼
2482000	2483000	怎麼這樣很低
2483000	2484000	事實上
2484000	2485000	如果推出一個產品
2485000	2486000	就只有七八成的預測率
2486000	2487000	大概就是
2487000	2488000	一定沒辦法去
2488000	2489000	一定是
2489000	2490000	很難去
2490000	2491000	很難去
2491000	2492000	在市場上有任何好處
2492000	2493000	這樣
2493000	2494000	但是在醫學上來講
2494000	2495000	七八成大概就是
2495000	2496000	已經算是一個
2496000	2497000	可以去接受的
2497000	2498000	這樣子
2498000	2499000	比方說我
2499000	2500000	當心診科醫師
2500000	2501000	當了
2501000	2502000	很快20年
2502000	2503000	老實說
2503000	2504000	一個病人來
2504000	2505000	給我預測說
2505000	2506000	他吃這個藥
2506000	2507000	會不會好
2507000	2508000	會不會這一年內
2508000	2509000	都不要住院
2509000	2510000	不要換藥
2510000	2511000	老實說
2511000	2512000	我覺得
2512000	2513000	我沒有多大把握
2513000	2514000	我猜的不一定
2514000	2515000	會比這個還準
2515000	2516000	這樣
2516000	2517000	也許我猜的
2517000	2518000	沒有那麼準
2518000	2519000	說不定這樣
2519000	2520000	所以我覺得
2520000	2521000	這個數字來講
2521000	2522000	在醫學上
2522000	2523000	算是一個
2523000	2524000	可以接受的
2524000	2525000	一個數字
2525000	2526000	這樣子
2527000	2528000	事實上是可以
2528000	2529000	達到一些效果
2529000	2530000	大概就是
2530000	2531000	可以增加8%的
2531000	2532000	治癒率
2532000	2533000	對
2533000	2534000	一個治療成功率
2534000	2535000	這一年內的治療成功率
2535000	2536000	這樣子
2536000	2537000	換算起來
2537000	2538000	MNT大概13
2538000	2539000	這個數字
2539000	2540000	或許大家
2540000	2541000	對這個數字
2541000	2542000	比較沒有感覺
2542000	2543000	一般來講
2543000	2544000	一個臨床上市的藥物
2544000	2545000	大概就是要
2545000	2546000	跟安慰劑比起來
2546000	2547000	大概就是要
2547000	2548000	10以內才可以
2548000	2549000	才算是有效的藥物
2549000	2550000	這樣子
2550000	2551000	所以10以內
2551000	2552000	就是算是一個
2552000	2553000	比較好的
2553000	2554000	但是我們只要
2554000	2555000	經過一個
2555000	2556000	臨床模式
2556000	2557000	我們不用花那麼多的錢
2557000	2558000	去發展一個新的藥物
2558000	2559000	就可以再提升這個
2559000	2560000	提升8%左右的
2560000	2561000	一個藥效
2561000	2562000	13左右
2562000	2563000	事實上算是一個
2563000	2564000	還算這個數字
2564000	2565000	還算是一個
2565000	2566000	蠻不錯的部分
2566000	2567000	這樣子
2567000	2568000	所以這個數字
2568000	2569000	雖然不是很理想
2569000	2570000	但是也不算太差
2570000	2571000	這樣子
2571000	2572000	好
2572000	2573000	那另外在臨床應用上
2573000	2574000	事實上也很簡單
2574000	2575000	因為這些健保資料
2575000	2576000	事實上
2576000	2577000	都記錄在我們的
2577000	2578000	晶片卡
2578000	2579000	而且事實上
2579000	2580000	可以做一些雲端的存取
2580000	2581000	所以事實上
2581000	2582000	這些東西
2582000	2583000	我們就不太需要
2583000	2584000	額外的輸入
2584000	2585000	就可以來做使用
2585000	2586000	所以事實上
2586000	2587000	目前來講
2587000	2588000	是這個model
2588000	2589000	雖然不是
2589000	2590000	資料不是那麼齊全
2590000	2591000	但是事實上
2591000	2592000	在臨床應用上來講
2592000	2593000	事實上
2593000	2594000	要應用上來講
2594000	2595000	事實上
2595000	2596000	是相對比較容易的
2596000	2597000	我們不用再去
2597000	2598000	蒐集額外的資料
2598000	2599000	就可以來使用
2599000	2600000	這樣子
2600000	2601000	好
2601000	2602000	但是當然
2602000	2603000	我們這個資料做完
2603000	2604000	事實上
2604000	2605000	還是有很多問題
2605000	2606000	例如說
2606000	2607000	我們的treatment outcome
2607000	2608000	就是說我們的
2608000	2609000	我們用換藥跟住院
2609000	2610000	來去評估
2610000	2611000	它治療的效果的好跟壞
2611000	2612000	那事實上
2612000	2613000	這並沒有很準確
2613000	2614000	所以在臨床上
2614000	2615000	我們還是比較
2615000	2616000	看這個症狀的減少餘活
2616000	2617000	來做決定
2617000	2618000	那我們到換藥
2618000	2619000	或到住院餘活
2619000	2620000	通常都是比較後面的
2620000	2621000	一個階段
2621000	2622000	所以這個
2622000	2623000	outcome事實上
2623000	2624000	本身並不是一個
2624000	2625000	很敏感的一個地方
2625000	2626000	這樣子
2626000	2627000	那另外
2627000	2628000	事實上
2628000	2629000	在一些很重要的資料
2629000	2630000	事實上
2630000	2631000	我們臨床上
2631000	2632000	開藥常常會考慮到
2632000	2633000	病人的一個症狀的
2633000	2634000	一個特質
2634000	2635000	以及症狀的嚴重度
2635000	2636000	但是因為健保資料
2636000	2637000	缺乏這種症狀的資料
2637000	2638000	所以事實上
2638000	2639000	我們事實上
2639000	2640000	並沒有那麼
2640000	2641000	跟我們臨床上
2641000	2642000	直覺上
2642000	2643000	沒有那麼大的差別
2643000	2644000	我有做過這個
2644000	2645000	機械所推薦的
2645000	2646000	藥物選單
2646000	2647000	跟那個臨床上
2647000	2648000	醫師的推薦
2648000	2649000	事實上
2649000	2650000	實際上
2650000	2651000	因為我們推薦選單
2651000	2652000	事實上
2652000	2653000	差異相當大的
2653000	2654000	這樣子
2654000	2655000	所以事實上
2655000	2656000	這就是
2656000	2657000	可能是有一些因素來講
2657000	2658000	事實上
2658000	2659000	是不太一致的地方
2659000	2660000	這樣子
2660000	2661000	所以未來如果說
2661000	2662000	我們能夠有更多的資料
2662000	2663000	例如說
2663000	2664000	我們有基因的資料
2664000	2665000	症狀的資料
2665000	2666000	或者是一些
2666000	2667000	其他的資料
2667000	2668000	來過去的話
2668000	2669000	我相信我們的那個
2669000	2670000	預測的準確度
2670000	2671000	會越來越高
2672000	2673000	事實上
2673000	2674000	並不是一樣的
2674000	2675000	好
2675000	2676000	那比如說
2676000	2677000	目前的推薦的模式
2677000	2678000	大概就是
2678000	2679000	他會很多時候
2679000	2680000	會叫你用兩種藥物的
2680000	2681000	以上的選擇
2681000	2682000	那我們可以知道
2682000	2683000	在那個
2683000	2684000	在那個training data
2684000	2685000	我們就知道說
2685000	2686000	這個多重用藥
2686000	2687000	事實上
2687000	2688000	效果會比單一用藥
2688000	2689000	還好一些這樣子
2689000	2690000	所以我們就知道說
2690000	2691000	事實上
2691000	2692000	這些部分
2692000	2693000	那可能是
2693000	2694000	有些學理上的支持
2694000	2695000	認為多重藥
2695000	2696000	確實有它的好處
2696000	2697000	但是
2697000	2698000	事實上
2698000	2699000	在臨床上
2699000	2700000	還有很多爭議
2700000	2701000	其實看了
2701000	2702000	會比較有選擇
2702000	2703000	我就跳過去這樣子
2703000	2704000	好
2704000	2705000	所以在未來上來講
2705000	2706000	目前在觀察性的資料
2706000	2707000	裡面看到是說
2707000	2708000	看起來機械學習
2708000	2710000	確實是可以針對每個人
2710000	2711000	找到比較好的藥物
2711000	2712000	然後
2712000	2713000	在觀察性的資料
2713000	2714000	看起來這些選的藥物
2714000	2715000	事實上是比較好一點
2715000	2716000	但事實上
2716000	2718000	這些都是紙上談兵而已
2718000	2719000	事實上
2719000	2720000	臨床上可不可以使用
2720000	2721000	還是需要臨床試驗
2721000	2722000	才知道
2722000	2723000	那另外
2723000	2724000	剛剛講的就是說
2724000	2725000	我們的事實上
2725000	2726000	這個目前accuracy
2726000	2727000	不是很高
2727000	2728000	但是在醫學上來講
2728000	2729000	已經算還可以了
2729000	2730000	更多的資料
2730000	2731000	應該是可以提升這一部分
2731000	2732000	好
2732000	2733000	那在machine learning來講
2733000	2734000	大概就是說
2734000	2735000	我覺得在流行病學
2735000	2736000	或醫學研究裡面
2736000	2737000	大概有兩個特點
2737000	2738000	第一個
2738000	2740000	它可以讓這個預測更精準
2740000	2741000	那第二個是說
2741000	2742000	它在統計推論上來講
2742000	2743000	事實上
2743000	2744000	也是有機械學的方法
2744000	2745000	來讓這個推論
2745000	2747000	更加準確一些這樣子
2747000	2748000	好
2748000	2749000	就先講到這裡
2749000	2750000	謝謝大家
2751000	2752000	好
2752000	2753000	不曉得有什麼問題
2753000	2754000	可以提問的
2756000	2757000	好
2757000	2759000	我們很謝謝吳醫師的演講
2759000	2760000	那
2760000	2761000	剛剛
2761000	2762000	有一些聽眾
2762000	2765000	已經有在chat那邊先提問
2765000	2766000	那我們
2766000	2767000	就先從
2767000	2768000	這邊的問題
2768000	2769000	開始討論
2769000	2770000	那請
2770000	2772000	Johnny Chen
2772000	2774000	能不能請你
2774000	2775000	就是
2775000	2776000	就再問一次
2776000	2777000	就是
2778000	2779000	能不能請你
2779000	2780000	就是
2780000	2782000	就再問一下你的問題
2782000	2783000	OK
2783000	2784000	吳醫師謝謝你
2784000	2785000	我
2785000	2786000	從
2786000	2788000	我在華盛頓大學護理系
2788000	2789000	當副助理教授
2789000	2790000	然後我的論文
2790000	2791000	是在台大醫院收的
2791000	2792000	所以我一直很感恩台大醫院
2792000	2793000	然後
2793000	2794000	謝謝你今天
2794000	2796000	這麼精闢的演講
2796000	2798000	然後我有三個問題
2798000	2799000	第一個問題是
2799000	2800000	你說
2800000	2802000	之前你沒有
2802000	2803000	選擇
2803000	2804000	譬如說他們的過去病史
2804000	2806000	都是因為健保資料庫
2806000	2808000	裡面的data不available
2808000	2809000	那
2809000	2811000	除了這個以外
2811000	2813000	你還有用其他什麼樣的考量
2813000	2815000	去決定你要
2815000	2816000	選擇哪些variable
2816000	2818000	放進去你機器學習的
2818000	2820000	模式裡呢
2820000	2822000	這是第一個問題
2822000	2823000	好
2823000	2824000	那個
2824000	2825000	事實上variable
2825000	2827000	我們能夠做的大概就是
2827000	2828000	就是
2828000	2829000	健保資料庫有的東西
2829000	2830000	我們都可以放這樣
2830000	2831000	例如說
2831000	2832000	這個
2832000	2833000	例如說他可能過去一年
2833000	2834000	他看過內科外科
2834000	2835000	事實上都可以用這樣子
2835000	2836000	對
2836000	2837000	所以基本上
2837000	2838000	過去的病
2838000	2839000	的這部分是有
2839000	2840000	但是他過去
2840000	2841000	例如說他幾歲發病
2841000	2842000	然後他那個
2842000	2844000	之前做過哪些治療
2844000	2845000	就是
2845000	2846000	有些東西只要在健保資料庫
2846000	2847000	有我們都做得到
2847000	2848000	但是可能有些東西
2848000	2849000	例如說太遙遠的
2849000	2850000	或者是說
2850000	2851000	例如說他做過
2851000	2852000	什麼民俗療法
2852000	2853000	或者他有經過
2853000	2854000	什麼心理治療
2854000	2855000	這些如果健保資料庫
2855000	2856000	沒有登錄下來的話
2856000	2857000	事實上都沒有了
2857000	2858000	所以大概就是很多限制
2858000	2859000	那
2859000	2860000	我大概就是會抓一些
2860000	2861000	臨床上我們相關
2861000	2862000	例如說他的內外科疾病
2862000	2864000	他用過哪些藥物
2864000	2865000	所以把這些藥物
2865000	2866000	還有他的看就醫次數
2866000	2867000	看過什麼科這些
2867000	2868000	拿來抓進來
2868000	2869000	做處理這樣子
2869000	2870000	所以就是能夠
2870000	2871000	把健保資料庫
2871000	2872000	能夠抓得到的東西
2872000	2873000	就盡量抓
2873000	2874000	然後我們有做一些篩選
2874000	2875000	例如說有些東西
2875000	2876000	的相關性太低了
2876000	2877000	我們就把它
2877000	2878000	或者是那個
2878000	2879000	那個preference太低了
2879000	2880000	我們就把它刪除掉
2880000	2881000	例如說
2881000	2882000	不到1%的人有這些特色
2882000	2883000	我們就
2883000	2884000	這些東西可能對
2884000	2885000	後來的預測
2885000	2886000	應該影響不到
2886000	2887000	我們就把它去除掉這樣子
2887000	2888000	所以到後來
2888000	2889000	大概就不到200種的
2889000	2891000	變相跑去跑這個資料
2892000	2893000	了解
2893000	2894000	但是如果沒有收集到的話
2894000	2895000	就沒有辦法
2895000	2896000	放進去
2896000	2897000	對
2897000	2898000	沒有辦法
2898000	2900000	有一個問題就是
2900000	2901000	我之前用
2901000	2902000	因為我的我的
2902000	2903000	我的研究領域是
2903000	2904000	post-traumatic schizophrenia
2904000	2905000	的預測
2905000	2906000	就是看有什麼樣的
2906000	2907000	我Early Warning Sign
2907000	2908000	可以預測他的預測
2908000	2910000	然後我跟
2910000	2912000	National Institute of Mental Health
2912000	2913000	的Program Officer
2913000	2914000	聊
2914000	2915000	用Machine Learning的方式
2915000	2917000	去做這個預測模式
2917000	2918000	他們最大
2918000	2919000	跟我的問題就說
2919000	2920000	我是不是在
2921000	2922000	就是在這個Data裡面
2922000	2923000	去找到
2923000	2924000	哪一個可能會是
2924000	2925000	那如果是你的話
2925000	2926000	你會怎麼
2926000	2927000	address這樣的concern
2927000	2929000	當然是在那個
2929000	2930000	這個在統計跟
2930000	2931000	這個機械
2931000	2932000	Machine Learning大概就是
2932000	2933000	不太一樣的方式
2933000	2934000	那我們在這個
2934000	2935000	Machine Learning
2935000	2936000	大概就是那個
2936000	2937000	Test Data是
2937000	2938000	你不能
2938000	2939000	你不能看這樣子
2939000	2940000	所以那個東西就是要
2940000	2941000	到你這個model
2941000	2942000	你就確定到說
2942000	2943000	你確定是沒問題的時候
2943000	2944000	你才能去看
2944000	2945000	那個Test的model
2945000	2946000	這樣子
2946000	2947000	所以就是要做到這一點
2947000	2948000	對
2948000	2949000	那當然是在
2949000	2950000	就是一般來講
2950000	2951000	是要把這個
2951000	2952000	Protocol先寫好
2952000	2953000	也不可以根據這個結果
2953000	2954000	才去改你的Protocol
2954000	2955000	改你的model
2955000	2956000	所以這確實是
2956000	2957000	還蠻難的一件事情
2957000	2958000	而且你要
2958000	2959000	克服掉
2959000	2960000	這些
2960000	2961000	就是你要克服掉
2961000	2962000	這個衝動去看
2962000	2963000	去多做幾次這樣子
2963000	2964000	所以這就是一個
2964000	2965000	要去做的事情這樣子
2965000	2966000	好
2966000	2967000	謝謝你
2967000	2968000	然後第二個問題
2968000	2969000	somehow
2969000	2970000	就是跟
2970000	2971000	觀眾
2971000	2972000	有點
2972000	2973000	就是
2973000	2974000	Sorry
2974000	2975000	你可不可以
2975000	2976000	跟我們分析一下
2976000	2977000	你是怎麼樣
2977000	2978000	得到
2978000	2979000	健保資料庫的
2979000	2980000	access
2980000	2981000	然後
2981000	2982000	需不需要
2982000	2983000	consent
2983000	2984000	阿爾森不需要
2984000	2985000	consent
2985000	2986000	因為那都是
2986000	2987000	de-identifier
2987000	2988000	data
2988000	2989000	對
2989000	2990000	但是台灣是
2990000	2991000	要經歷過兩波
2991000	2992000	一開始是
2992000	2993000	這個國務院
2993000	2994000	發行的時候
2994000	2995000	事實上是
2995000	2996000	它就是有一個
2996000	2997000	特定的一個
2997000	2998000	一些主題
2998000	2999000	打給你這樣
2999000	3000000	所以事實上
3000000	3001000	那個資料
3001000	3002000	是可以到你手中的
3002000	3003000	這樣子
3003000	3004000	那所以那時候
3004000	3005000	只要請那個
3005000	3006000	申請書就可以了
3006000	3007000	但是後來因為
3007000	3008000	資料事實上
3008000	3009000	是不夠安全的
3009000	3010000	所以事實上
3010000	3011000	目前來講
3011000	3012000	就只能進到那個
3012000	3013000	衛生衛護
3013000	3014000	本身的價值中心
3014000	3015000	去使用
3015000	3016000	所以這些資料
3016000	3017000	事實上本身
3017000	3018000	是不能洗除的
3018000	3019000	所以目前來講
3019000	3020000	就是難度會越來越高
3020000	3021000	這樣子
3021000	3022000	所以目前來講
3022000	3023000	我們如果真的要做的話
3023000	3024000	就是要進這個
3024000	3025000	價值中心
3025000	3026000	來看這樣子
3026000	3027000	那不需要consent
3027000	3028000	因為這個是
3028000	3029000	已經是de-identifier的個案
3029000	3030000	所以是
3030000	3031000	不需要consent
3031000	3032000	所以我們可以拿到
3032000	3033000	之前的
3033000	3034000	因為之前比較方便的時候
3034000	3035000	是真的是可以拿到
3035000	3036000	還蠻多資料
3066000	3067000	所以就是
3067000	3068000	你剛剛提到的
3068000	3069000	價值中心是什麼
3069000	3070000	就是那個衛福部
3070000	3071000	他有開放幾個
3071000	3073000	讓想要做健保資料庫的人
3073000	3075000	進到他們的資訊室裡面
3075000	3077000	去做連線這樣子
3077000	3078000	對
3078000	3079000	那就是在那邊去
3079000	3080000	操縱這個電腦
3080000	3081000	來去做的分析
3081000	3082000	對
3082000	3083000	但是
3083000	3084000	但是他們的就是說
3084000	3085000	你出了
3085000	3088000	你出來就不能
3088000	3089000	把資料帶出來
3089000	3090000	這樣子
3090000	3091000	所以你只能產生一個報表
3091000	3093000	把這個報表帶出來而已
3093000	3094000	所以現在台灣
3094000	3095000	不能在國外做
3096000	3098000	在五年前是可以的
3098000	3100000	但是現在是完全不行
3100000	3101000	OK
3101000	3102000	謝謝你
3102000	3103000	我沒有問題
3103000	3104000	謝謝你
3104000	3105000	OK
3105000	3106000	好
3109000	3110000	OK
3110000	3112000	那是不是請Cindy
3112000	3113000	也向
3113000	3114000	向這個提問
3115000	3116000	嗨
3116000	3117000	我是Cindy
3117000	3118000	我現在在
3118000	3119000	德國念我的博班
3119000	3121000	然後我的領域是
3121000	3122000	concisionomics
3122000	3123000	然後也會做
3123000	3125000	concisionomics相關的
3125000	3126000	project
3126000	3128000	我有一個問題是
3128000	3130000	我看到最後面那個
3130000	3132000	recommend的regime
3132000	3134000	那他只會推薦monotherapy
3134000	3135000	但是
3135000	3137000	在你show的某一些
3137000	3139000	就是result裡面
3139000	3140000	也看到說
3140000	3142000	當然是poly
3142000	3143000	polytherapy
3143000	3145000	是比較多recommended的
3145000	3146000	那我想要問
3146000	3148000	為什麼在最後這個list上面是
3148000	3150000	只推薦一種藥物
3150000	3152000	而不是藥物的組合
3152000	3153000	嗨
3163000	3164000	哈囉
3164000	3165000	哈囉
3165000	3167000	請問剛剛有聽到嗎
3167000	3168000	沒有
3168000	3169000	前面應該要跳斷線
3169000	3170000	不好意思
3170000	3171000	我剛剛沒有聽到
3171000	3172000	沒關係
3172000	3173000	所以我想問的是
3173000	3174000	就是最後你給
3174000	3176000	你最後不是可以選
3176000	3177000	前三個藥物
3177000	3178000	然後
3178000	3180000	推薦給醫生做使用嗎
3180000	3181000	那為什麼
3181000	3182000	但後面也提到說
3182000	3183000	其實
3183000	3184000	多種藥物的組合
3184000	3186000	通常表現會比較好
3186000	3187000	那為什麼
3187000	3188000	提供給醫生的list裡面
3188000	3190000	其實並沒有看到
3190000	3192000	多種藥物組合的
3192000	3193000	選項
3193000	3194000	OK 好
3194000	3195000	來 等我一下喔
3195000	3196000	來
3196000	3198000	那因為是那個
3198000	3199000	等我一下
3199000	3200000	來
3202000	3203000	主要是因為
3203000	3204000	我們那個
3204000	3205000	舉的例子來講
3205000	3207000	就是用一個最單純的個案來看
3207000	3208000	這樣子
3208000	3209000	那確實如果說你去看
3209000	3210000	這些
3210000	3211000	如果我們改變這個條件的話
3211000	3212000	例如是說
3212000	3213000	可能是一個
3213000	3214000	可能40歲的
3214000	3215000	他已經是這個
3215000	3216000	過去住院很多次的話
3216000	3217000	他選項大概就是
3220000	3221000	哈囉
3229000	3230000	完全
3239000	3240000	不好意思
3240000	3241000	剛剛好像是斷線
3241000	3242000	就是完全沒有聽到
3242000	3243000	對不起
3243000	3244000	就是說
3244000	3245000	一個舉例而已
3245000	3246000	就是說
3246000	3247000	好
3247000	3248000	聽得到嗎
3248000	3249000	可以
3249000	3250000	可以
3250000	3251000	對
3251000	3252000	對
3252000	3253000	請說
3253000	3254000	那我想問一下
3254000	3255000	你要怎麼
3255000	3256000	因為我覺得
3256000	3257000	從各種資料庫
3257000	3258000	叫出來的
3258000	3259000	我是做
3259000	3260000	我現在
3260000	3261000	我是心理師
3261000	3262000	心理師
3262000	3263000	那
3263000	3264000	那
3264000	3265000	那
3265000	3266000	那
3266000	3267000	那
3267000	3268000	那
3268000	3269000	那
3269000	3270000	那
3270000	3271000	那個
3272000	3273000	簡單來說
3273000	3274000	呃
3274000	3275000	那我們
3275000	3276000	可以
3276000	3277000	呃
3278000	3279000	像
3279000	3279760	我們的
3279760	3280000	那些
3280000	3281000	什麼
3281000	3282000	那些
3282000	3283000	還有
3283000	3284000	這些
3284300	3285000	然後
3287000	3288000	那
3288000	3289000	跟
3290000	3291000	和
3292000	3293000	還有
3294000	3295000	那個
3295000	3296000	那
3296000	3297000	那
3297000	3299000	所以基本上健保資料庫
3299000	3301000	就是我們用這樣的邏輯來看的話
3301000	3302000	呃
3302000	3304000	就就變成沒有明顯data的問題
3304000	3306000	但是這是確實是有點麻煩
3306000	3307000	那就是說
3307000	3309000	呃事實上事實上我們都知道
3309000	3311000	實際情形並不見得是這個樣子的
3311000	3312000	所以呃
3312000	3313000	所以
3313000	3314000	所以呃
3314000	3315000	我知道你處理的資料
3315000	3316000	一定是real data
3316000	3317000	一定會有很多明顯的問題來處理
3317000	3318000	這樣子
3318000	3319000	但是在machine learning裡面
3319000	3320000	事實上
3320000	3321000	呃大部分的algorithm都不能接受
3321000	3322000	這個明顯
3322000	3323000	明顯data
3323000	3324000	所以你可能要用
3324000	3325000	application的方式來處理
3325000	3326000	這樣子
3326000	3327000	呃
3327000	3328000	所以在你做
3328000	3329000	我不知道你可不可以講
3329000	3330000	但是你們有
3330000	3332000	用任何imputation去
3332000	3333000	fill in
3333000	3334000	任何missing data嗎
3334000	3335000	沒有
3335000	3336000	這健保資料庫裡面
3336000	3337000	基本上是
3337000	3338000	就像我說的就是
3338000	3339000	呃
3339000	3340000	有資料我們就認為有
3340000	3341000	沒有資料我們就認為沒有
3341000	3342000	所以他也許
3342000	3343000	真的是
3343000	3344000	有沒有高血壓
3344000	3345000	或許這個人不確定
3345000	3346000	但是只要他沒有就醫紀錄
3346000	3348000	也沒有開任何高血壓的藥物
3348000	3349000	我們就認為他是沒有的
3349000	3350000	這樣子
3350000	3351000	所以變成是
3351000	3352000	健保資料庫
3352000	3353000	就是在處理資料的過程當中
3353000	3354000	就做一個很
3354000	3355000	無端的判定
3355000	3356000	這樣子
3356000	3357000	好
3357000	3358000	呃
3358000	3359000	我還有一個問題
3359000	3360000	呃
3360000	3361000	最後一個問題
3361000	3362000	就是你是用前8年的
3362000	3363000	呃
3363000	3364000	數據然後去
3364000	3365000	然後去用
3365000	3366000	就是最後幾年的
3366000	3367000	數據去做predict
3367000	3368000	那你有沒有試過
3368000	3369000	就是
3369000	3370000	去看
3370000	3371000	會不會年
3371000	3372000	就是不
3372000	3373000	發生在不同年的
3373000	3374000	case
3374000	3375000	其實我是
3375000	3376000	也會是一種confirmed
3376000	3377000	會
3377000	3378000	那個事實上我有去看到
3378000	3379000	說是在那開藥的趨勢
3379000	3380000	每一年都不太一樣
3380000	3381000	這樣子
3381000	3382000	對
3382000	3383000	那
3383000	3384000	然後
3384000	3385000	所以說事實上是
3385000	3386000	開藥的趨勢
3386000	3387000	還有甚至那個
3387000	3388000	治癒的成功率
3388000	3389000	這個會有一點點趨勢
3389000	3390000	這樣子
3390000	3391000	不太一樣
3391000	3392000	這樣
3392000	3393000	所以事實上這確實是
3393000	3394000	呃
3394000	3395000	沒有辦法的問題
3395000	3396000	但是我如果說
3396000	3397000	預測還可以接受
3397000	3398000	我就覺得說這些問題
3398000	3399000	也許
3399000	3400000	就是我們沒辦法去校正
3400000	3401000	這個
3401000	3402000	年這個問題
3402000	3403000	這沒辦法校正
3403000	3404000	因為一旦校正之後
3404000	3405000	因為這是
3405000	3406000	呃
3406000	3407000	要外插的部分
3407000	3408000	這是沒辦法校正
3408000	3409000	這樣子
3409000	3410000	沒辦法證明
3410000	3411000	譬如說我
3411000	3412000	也許我們弄
3412000	3413000	預測
3413000	3414000	因為這個年是並不在
3414000	3415000	他的training data裡面
3415000	3416000	這樣子
3416000	3417000	對
3417000	3418000	那這問題事實上有很多
3418000	3419000	很多方法來解決
3419000	3420000	例如說有些人去
3420000	3421000	呃
3421000	3422000	去算出他的那個
3422000	3423000	軌跡
3423000	3424000	再來做預測
3424000	3425000	這樣這是一種方法
3425000	3426000	嗯
3426000	3427000	那另外一種我
3427000	3428000	我後來
3428000	3429000	事實上我有做過
3429000	3430000	就是說把比較近的年
3430000	3431000	給他比較重的waiting
3431000	3432000	比較遠的年
3432000	3433000	比較比較近的waiting
3433000	3434000	這樣來做校正
3434000	3435000	會再準一點點
3435000	3436000	但是
3436000	3437000	沒有差異到很明顯
3437000	3438000	所以我後來就比較放棄
3438000	3439000	這個比較複雜的做法
3439000	3440000	但是
3440000	3441000	確實是
3441000	3442000	用這個方法來處理
3442000	3443000	這個資料就是越近的
3443000	3444000	waiting 越重
3444000	3445000	越遠的waiting 越近
3445000	3446000	對
3446000	3447000	這樣來處理
3447000	3448000	我不知道
3448000	3449000	可不可以
3449000	3450000	也可以給一個想法
3450000	3451000	就是因為在我們處理
3451000	3452000	genomic data
3452000	3453000	的時候
3453000	3454000	其實我們也是會用
3454000	3455000	呃
3455000	3456000	會去測試說
3456000	3457000	會不會有
3457000	3458000	batch effect
3458000	3459000	像是年份啊
3459000	3460000	或者是
3460000	3461000	因為我也丟了蠻多
3461000	3462000	clinical data的
3462000	3463000	那
3463000	3464000	呃
3464000	3465000	有一些package
3465000	3466000	in R
3466000	3467000	你可以做
3467000	3468000	batch effect
3468000	3469000	removal
3469000	3470000	嗯
3470000	3471000	我覺得你可以去
3471000	3472000	查查看
3472000	3473000	說不定可以應用在
3473000	3474000	你的data上面
3474000	3475000	就可以讓你的prediction
3475000	3476000	變得更準
3476000	3477000	太好了
3477000	3478000	所以
3478000	3479000	你說哪些
3479000	3480000	那些package
3480000	3481000	呃
3481000	3482000	我覺得
3482000	3483000	如果你要找的話
3483000	3484000	keyword 會是
3484000	3485000	batch effect removal
3485000	3486000	或者是像是
3486000	3487000	呃
3487000	3488000	比較多會用
3488000	3489000	就是bias
3489000	3490000	去
3490000	3491000	開始做這些prediction
3491000	3492000	然後
3492000	3493000	想辦法把你
3493000	3494000	data裡面
3494000	3495000	的那個confounder
3495000	3496000	的effect
3496000	3497000	移除
3497000	3498000	或是讓他們
3498000	3499000	變得balance
3499000	3500000	對
3500000	3501000	在genomics的area
3501000	3502000	我們會這麼做
3502000	3503000	但是我不知道在
3503000	3504000	呃
3504000	3505000	dealing with
3505000	3506000	這麼多variable的時候
3506000	3507000	你們會不會這麼做
3507000	3508000	對
3508000	3509000	這是沒有在試試看的
3509000	3510000	電梯
3510000	3511000	告訴我這個
3511000	3512000	謝謝您
3512000	3513000	對
3513000	3514000	不不不不不不
3514000	3515000	那那我問完了
3515000	3516000	謝謝
3516000	3517000	ok
3517000	3518000	不會
3518000	3519000	來
3519000	3520000	好
3520000	3521000	呃
3521000	3522000	好的
3522000	3523000	那我們
3523000	3524000	呃
3524000	3525000	請
3525000	3526000	style
3526000	3527000	呃
3527000	3528000	是不是也可以提問
3528000	3529000	呃
3529000	3530000	就請
3530000	3531000	呃
3531000	3532000	這位
3532000	3533000	聽眾
3533000	3534000	scipio
3534000	3535000	是不是可以請你提問
3535000	3536000	好
3536000	3537000	我看他的問題是說
3537000	3538000	為什麼只選一年住院
3538000	3539000	沒有
3539000	3540000	當成功率
3540000	3541000	不是選兩年就對了
3541000	3542000	齁
3542000	3543000	呃
3543000	3544000	對
3544000	3545000	好像
3545000	3546000	呃
3546000	3547000	事實上這就是有點武斷
3547000	3548000	然後就是說
3548000	3549000	因為選兩年的話
3549000	3550000	你的資料量就會更少
3550000	3551000	然後
3551000	3552000	呃
3552000	3553000	當成功率
3553000	3554000	不是選兩年就對了
3554000	3555000	齁
3555000	3556000	呃
3556000	3557000	對
3557000	3558000	然後
3558000	3559000	呃
3559000	3560000	而且就是說那個
3560000	3561000	一個藥物
3561000	3562000	大概是治療之後
3562000	3563000	大概
3563000	3564000	呃
3564000	3565000	事實上都可以做
3565000	3566000	只是說那個
3566000	3567000	就變成是說臨床上
3567000	3568000	我們要怎麼去看
3568000	3569000	然後
3569000	3570000	呃
3570000	3571000	但是我覺得兩年的話
3571000	3572000	時間事實上是有點久
3572000	3573000	我在猜那個成功的人會
3573000	3574000	糟很多
3574000	3575000	這樣子
3575000	3576000	所以我那時候
3576000	3577000	直覺上就是看一年就好
3577000	3578000	那確實是可以看更久
3578000	3579000	的時間
3579000	3580000	只是說做出來結果怎麼樣
3580000	3581000	呃
3581000	3582000	我目前沒有資料可以用
3582000	3583000	但是沒有說一定怎麼樣不行
3583000	3584000	這樣子
3584000	3585000	是可以的
3585000	3586000	只是
3586000	3587000	我們
3587000	3588000	一些常見的研究大概就是
3588000	3589000	最終一年為主
3589000	3590000	這樣子
3590000	3591000	那
3591000	3592000	但是是可以做兩年
3592000	3593000	沒有錯
3593000	3594000	這樣子
3594000	3595000	嘿
3595000	3596000	OK
3596000	3598000	那不知道這樣有回答到你的問題嗎
3598000	3599000	嘿
3599000	3600000	謝謝
3600000	3603000	那我們也請Sean來提問你的問題
3603000	3604000	謝謝
3604000	3605000	哈囉
3605000	3606000	聽得到嗎
3606000	3607000	可以可以
3607000	3608000	請說
3608000	3609000	嘿
3609000	3610000	感謝群樹和
3610000	3611000	呃
3611000	3612000	這個
3612000	3613000	這個演講
3613000	3614000	對
3614000	3615000	我是Sean
3615000	3616000	UCSD
3616000	3617000	當博後
3617000	3618000	對
3618000	3620000	那我剛剛開始接觸這個方面的領域
3620000	3621000	然後
3621000	3622000	呃
3622000	3623000	這蠻接
3623000	3624000	呃
3624000	3625000	對覺得
3625000	3626000	對
3626000	3627000	這是蠻是我之後想要做的方向
3627000	3628000	所以之後Sean可以跟你請教
3628000	3629000	那我有幾個問題
3629000	3630000	第一個是
3630000	3632000	看到你的這個prediction的
3632000	3633000	呃
3633000	3634000	就是machine learning prediction的
3634000	3635000	的結果
3635000	3636000	然後推薦了
3636000	3637000	這
3637000	3638000	這個幾個藥物
3638000	3640000	看起來他這些score好像都蠻接近的
3640000	3641000	對
3641000	3642000	就是
3642000	3643000	你那時候選了前三個
3643000	3644000	可是
3644000	3646000	我看他後面好像score都蠻接近的
3646000	3647000	嗯
3647000	3648000	對
3648000	3649000	就是這會不會
3649000	3651000	這會是一個machine learning的
3651000	3652000	limitation嗎
3652000	3653000	還是
3653000	3654000	就是
3654000	3657000	或是醫生在使用這個program的時候
3657000	3658000	他看到這樣會不會
3658000	3660000	就覺得好像不是很confidence
3660000	3661000	ok
3661000	3662000	好
3662000	3663000	那個或許
3663000	3664000	這個是
3664000	3665000	我覺得大概是一個點
3665000	3666000	是說
3666000	3667000	呃
3667000	3670000	或許這個其實你看我們這個這個人大概就是都是四成五以上
3670000	3671000	這個因為他是
3671000	3672000	肝化病的個案這樣
3672000	3673000	所以
3673000	3675000	大概就是四成五就比較年輕一點的個案
3675000	3676000	所以基本上
3676000	3680000	基本上或許我覺得這個本身可能很大一部分是決定於說他本身的特質
3680000	3681000	例如說
3681000	3683000	他是發病很久還是肝化病這樣子
3683000	3684000	對
3684000	3686000	我覺得很多是應該是他本身特質所決定
3686000	3688000	所以確實藥物的影響大概就是一部分
3688000	3690000	就從從比較高的到比較後面的
3690000	3692000	大概差個10%左右這樣子
3692000	3694000	那大概是在machine learning
3694000	3696000	我說我們就是這個積少成多
3696000	3698000	就是每個人如果都好一點都好一點
3698000	3700000	也許那個累積起來就是會有蠻大的差別
3700000	3701000	但是
3701000	3702000	所以我們只能這樣看
3702000	3703000	那
3703000	3704000	事實上這個問題我那時候也看過
3704000	3706000	就說好像很多時候差距很小
3706000	3709000	例如說我們去看alphago的背後的一些數據
3709000	3710000	看起來他
3710000	3711000	不同的位置
3711000	3712000	那個差距也都是這樣一點點
3712000	3714000	可能就不到1%這樣
3714000	3716000	就是零點幾零點千分之多少而已
3716000	3718000	但事實上這樣累積下來
3718000	3720000	或許來講就是會有蠻大差異的
3720000	3722000	所以目前能夠說的大概是這樣
3722000	3724000	那確實這個不是很顯著的
3724000	3725000	所以也許是
3725000	3727000	所以在目前我可以回答這個問題
3727000	3728000	大概是這樣子吧
3728000	3729000	嗯
3729000	3731000	那我想說這樣這樣子有辦法去
3731000	3733000	例如說去manipulate test data
3733000	3734000	例如說
3734000	3736000	你有很多的這個feature
3736000	3738000	那如果你改一個feature
3738000	3740000	他就把年紀變大變gender
3740000	3741000	他會不會
3741000	3744000	他會predict出來的東西會差很多
3744000	3748000	就是還是他的nation還蠻robust的
3748000	3749000	會喔
3749000	3750000	那個基本上我覺得
3750000	3752000	他如果你改變他的年齡
3752000	3754000	我相信這個list會不一樣
3754000	3756000	就是說因為這個東西事實上年齡
3756000	3758000	很多東西事實上是會
3758000	3759000	會有蠻大影響的這樣
3759000	3761000	所以你去改變這個data
3761000	3762000	事實上是一定會不一樣
3762000	3764000	那我沒有詳細去看過這樣
3764000	3768000	但是我知道說大概就
3770000	3772000	怎麼講就是說在某些
3772000	3774000	有些就說好就排就
3774000	3775000	這邊沒有數字
3775000	3776000	好就是說
3776000	3777000	我們例如說我們現在
3777000	3778000	我們現在看完之後
3778000	3779000	例如說因為我們知道
3779000	3781000	全市民他最常選的藥物
3781000	3782000	這整個族群來講
3782000	3784000	大概是可能就是這十個藥物這樣
3784000	3785000	但是你今天用不同的model去跑
3785000	3787000	或者是你今天去用那個的話
3787000	3790000	就是在排序上就會有些差異這樣子
3790000	3791000	對就是說你的排序上
3791000	3792000	可能就是會變
3792000	3793000	例如說可能原本第三名
3793000	3794000	變成第七名之類的
3794000	3796000	這樣變來變去的這樣子
3796000	3797000	所以我覺得說那個
3797000	3799000	prediction的治療上的那個
3799000	3802000	事實上是並沒有那麼的robust
3802000	3804000	不是說那麼堅固的這樣子
3804000	3805000	根據你的prediction model
3805000	3806000	我覺得會改變這樣子
3806000	3808000	所以這也是比較
3808000	3810000	不是有那麼有把握的地方
3810000	3811000	但是不論怎麼改
3811000	3813000	事實上這污測出來的值
3813000	3815000	事實上差異不會很大
3815000	3816000	也許就差個
3816000	3818000	例如說我們這兩個model弄起來
3818000	3819000	可能他們推薦的藥物來講
3819000	3820000	事實上不太
3820000	3822000	可能不是那麼一致這樣子
3822000	3823000	然後也許
3823000	3825000	我還沒有詳細去算kappa
3825000	3827000	但是可能就是0.6、0.7
3827000	3828000	不是完全不一樣
3828000	3829000	事實上還算不錯
3829000	3830000	但是不是完全一樣
3830000	3831000	但是估算出來的值
3831000	3833000	事實上是不會差異很大這樣子
3833000	3834000	就像這兩個
3834000	3835000	用不同model跑出來的結果
3835000	3836000	事實上是差異
3836000	3838000	差一點點而已這樣子
3838000	3839000	嗯了解
3839000	3841000	好感謝
3841000	3842000	下一個問題
3842000	3844000	不好意思有請
3844000	3845000	對
3845000	3848000	像做這些不同的algorithm的測試
3848000	3853000	那覺得在algorithm上面
3853000	3856000	是已經差不多到
3856000	3858000	就是到極限
3858000	3859000	還是說覺得
3859000	3861000	其實也有不同的parameter
3861000	3862000	不同的algorithm
3862000	3864000	可以再繼續improve
3864000	3866000	還是說它其實就
3866000	3868000	就會是data它本身有這種
3868000	3869000	抑制性的問題
3869000	3871000	就是它沒辦法到
3871000	3873000	更高的accuracy
3873000	3875000	事實上我是覺得
3875000	3877000	比較傾向到極限
3877000	3878000	就是因為我
3878000	3879000	就找了一些比較強的
3879000	3880000	去單一來看的話
3880000	3881000	大概都
3881000	3883000	大概就差不多這個樣子
3883000	3884000	然後但是staking
3884000	3885000	大概就是把這些
3885000	3886000	各家所長來看的話
3886000	3887000	大概就是
3887000	3888000	我目前能夠做到最好
3888000	3890000	大概就是這個程度這樣子
3890000	3891000	所以它accuracy大概就
3891000	3892000	可能就是
3892000	3893000	我個人是覺得
3893000	3894000	大概用staking的話
3894000	3895000	只是可以做到最好啦
3895000	3896000	對那
3896000	3897000	但是有沒有更好的
3897000	3898000	我覺得因為staking
3898000	3899000	它基本上是可以
3899000	3900000	把任何一種algorithm
3900000	3901000	拿進來
3901000	3902000	再去做第二次的學習
3902000	3903000	所以我相信
3903000	3904000	就是或許會
3904000	3905000	跟它一樣
3905000	3906000	或者是差不多
3906000	3907000	但是我是覺得
3907000	3908000	差不多到這個極限了
3908000	3909000	可能是受限於
3909000	3910000	這個資料本身
3910000	3911000	但是我覺得改變algorithm
3911000	3912000	事實上我覺得
3912000	3914000	差異並不會太大這樣子
3914000	3917000	那你有沒有嘗試過
3917000	3918000	或者在Harvard
3918000	3919000	有沒有組在
3919000	3921000	在用supervised learning
3921000	3923000	去做clustering
3923000	3924000	就是
3924000	3925000	用data-driven的方式
3925000	3926000	去分group
3926000	3927000	像schizophrenia
3927000	3929000	有很多subtype
3929000	3930000	或subgroups
3930000	3932000	那再把它分出來之後
3932000	3933000	會不會再對每個group
3933000	3934000	去做prediction
3934000	3936000	會更好
3936000	3938000	就是說去
3938000	3939000	找出一些更
3939000	3941000	clarify的個案來去做
3941000	3943000	確實是沒有
3943000	3945000	我們這邊沒有這樣做
3945000	3946000	所以就確實
3946000	3947000	但是這個東西
3947000	3948000	會不會做起來更好一點
3948000	3950000	可能要再想一想
3950000	3951000	因為事實上
3951000	3952000	我們事實上有試著
3952000	3953000	要去找出說
3953000	3954000	為什麼
3954000	3955000	例如說
3955000	3956000	適合某種藥的人
3956000	3958000	他們有沒有什麼特質去看
3958000	3960000	然後找出一些東西來解釋
3960000	3961000	但事實上是
3961000	3962000	剛剛講的是說
3962000	3963000	本身的model有點不太穩定
3963000	3964000	所以就是說
3964000	3966000	因為每次產生的那個list
3966000	3967000	不太一樣
3967000	3968000	所以這部分倒是
3968000	3969000	還是沒有去看
3969000	3970000	但是或許可以嘗試看看
3970000	3971000	也說不定
3971000	3973000	可是目前沒有答案這樣子
3973000	3974000	好 謝謝
3974000	3975000	最後
3975000	3976000	最後一個問題
3976000	3977000	是
3977000	3979000	在
3979000	3981000	我看有一個slide show說
3981000	3983000	有machine select跟non select
3983000	3985000	的data的
3985000	3986000	結果
3986000	3988000	那這個是已經用在真實的
3988000	3989000	沒有
3989000	3990000	這是用在觀察性的資料
3990000	3991000	例如說
3991000	3992000	我就拿那個
3992000	3994000	2010年跟2011年來看
3994000	3995000	然後我們知道
3995000	3996000	我們可以
3996000	3998000	從這兩年的資料裡面去
3998000	3999000	去給他
3999000	4000000	每個病人
4000000	4001000	去跑出說
4001000	4002000	他到底適合哪一種藥物
4002000	4003000	那萬一他
4003000	4004000	在觀察性的資料
4004000	4005000	用的藥
4005000	4006000	剛好是機械所建立的藥物
4006000	4007000	我們就說
4007000	4008000	他是machine selected
4008000	4009000	這樣子
4009000	4010000	那如果說他用的藥
4010000	4011000	不符合這個
4011000	4012000	機械所建立的藥物
4012000	4013000	我們就說
4013000	4014000	他是non selected
4014000	4015000	這樣子
4015000	4017000	那在哈佛有
4017000	4018000	有
4018000	4020000	開始這樣的clinical trial嗎
4020000	4021000	沒有
4021000	4022000	據我所知
4022000	4023000	沒有
4023000	4025000	我們那個實驗室是一個流病的
4025000	4027000	的實驗室
4027000	4028000	不是一個臨床實驗室
4028000	4029000	所以
4029000	4030000	據我所知是
4030000	4031000	沒有到這個程度
4031000	4032000	但是未來應該是要
4032000	4033000	做clinical trial
4033000	4034000	才有辦法去
4034000	4035000	驗證他真正的
4035000	4036000	實用性怎麼樣
4036000	4037000	這樣子
4037000	4038000	嗯
4038000	4040000	那你覺得在台灣或在美國
4040000	4041000	就是我們如果是電腦
4041000	4042000	大概小時候
4042000	4043000	對
4044000	4045000	不好意思
4045000	4046000	請說
4046000	4047000	就是我們有申請科技部計劃
4047000	4048000	如果有過
4048000	4049000	應該也許這
4049000	4050000	一兩年後就可以做
4050000	4051000	但是
4051000	4052000	還有很多難關要克服
4052000	4053000	所以就是怎麼把這個東西
4053000	4054000	變成在
4054000	4055000	一般的醫師診斷
4055000	4056000	電腦可以上
4056000	4057000	使用的一個界面
4057000	4058000	這變成是
4058000	4059000	還有一些資訊的問題
4059000	4060000	要處理
4060000	4061000	但是這就
4061000	4062000	就外行
4062000	4063000	這是要跟別人合作
4063000	4064000	才有辦法做得到
4064000	4065000	這樣子
4065000	4066000	所以就目前來講
4066000	4067000	但是如果
4067000	4068000	也許有可能的話
4068000	4069000	很快的話
4069000	4070000	也許一兩年後
4070000	4071000	就可以開始進行
4071000	4072000	那你知道美國有
4072000	4073000	group在
4073000	4074000	在做
4074000	4075000	這方面的
4075000	4076000	我知道
4076000	4077000	據我所知
4077000	4078000	事實上有一些人在
4078000	4079000	但是哪個group我不知道
4079000	4080000	我知道有一個加拿大的公司
4080000	4081000	他們事實上是
4081000	4082000	我覺得
4082000	4083000	基本上我覺得他是
4083000	4085000	邊做邊試
4085000	4086000	他號稱說
4086000	4087000	他們的那個
4087000	4088000	嗯
4088000	4089000	他們可以收集到
4089000	4090000	很多專家的意見
4090000	4091000	之類的
4091000	4092000	很多paper
4092000	4093000	很多一些東西
4093000	4094000	給你一個
4094000	4095000	推進的治療的藥物
4095000	4096000	但是你要做很多評估
4096000	4097000	這樣子
4097000	4098000	但是我在猜他們
4098000	4099000	應該是這種try
4099000	4100000	應該是在收集資料為主
4100000	4101000	並不是
4101000	4102000	真正他已經有一個
4102000	4103000	很好的model
4103000	4104000	來做預測
4104000	4105000	所以我在看
4105000	4106000	那個protocol裡面
4106000	4107000	我看不到他們事實上
4107000	4108000	之前有做過好的一個
4108000	4109000	prediction model出來
4109000	4110000	這樣子
4110000	4111000	所以他們用的就是一個
4111000	4112000	專家的意見
4112000	4113000	來做
4113000	4114000	來做建議這樣子
4114000	4115000	對
4115000	4116000	但是根據這個
4116000	4117000	machine learning
4117000	4118000	直接來做的預測
4118000	4119000	事實上我目前來講
4119000	4120000	是還
4120000	4121000	還沒有看到這樣子
4121000	4122000	嗯
4122000	4123000	好的感謝
4123000	4124000	呃
4124000	4125000	不知道可不可以再問你
4125000	4126000	最後一個問題
4126000	4127000	不好意思
4127000	4128000	就是呃
4128000	4129000	我想
4129000	4130000	呃
4130000	4131000	這
4131000	4132000	呃
4132000	4133000	從你的這一生
4133000	4134000	然後到做
4134000	4135000	研究這個角度
4135000	4136000	來看的話
4136000	4137000	這個覺得personalized
4137000	4138000	medicine
4138000	4139000	for psychiatry
4139000	4140000	這個general
4140000	4141000	的feel
4141000	4142000	呃
4142000	4143000	的
4143000	4144000	呃
4144000	4145000	的
4145000	4146000	的趨勢
4146000	4147000	會
4147000	4148000	就是
4148000	4149000	the direction
4149000	4150000	會
4150000	4151000	會怎麼樣發展
4151000	4152000	就是有哪一些
4152000	4153000	最重要的challenge
4153000	4154000	嗯
4154000	4155000	我會這樣講
4155000	4156000	是因為很多
4156000	4157000	machine learning
4157000	4158000	跳進去做
4158000	4159000	專業的
4159000	4160000	後面的
4160000	4161000	就是
4161000	4162000	我會覺得
4162000	4163000	可能就是
4163000	4164000	這個
4164000	4165000	呃
4165000	4166000	呃
4166000	4167000	有一些
4167000	4168000	呃
4168000	4169000	這個
4169000	4170000	呃
4170000	4171000	的
4171000	4172000	呃
4172000	4173000	一些
4173000	4174000	呃
4174000	4175000	的
4175000	4176000	呃
4176000	4177000	的
4177000	4178000	呃
4178000	4179000	的
4179000	4180000	呃
4180000	4181000	呃
4181000	4182000	的
4182000	4183000	呃
4183000	4184000	一些
4184000	4185000	呃
4185000	4186000	的
4186000	4187000	呃
4187000	4188000	呃
4188000	4189000	以這個大學醫生來講
4189000	4190000	事實上因為病人太多
4190000	4191000	大概就是以藥物治療為主
4191000	4193000	但是因為我們對藥物沒有辦法
4193000	4194000	有好的預測
4194000	4195000	呃
4195000	4196000	所以如果說在開藥的部分
4196000	4197000	如果有機械可以幫我們去
4197000	4198000	做思考跟判斷的話
4198000	4200000	事實上我們可以把心力
4200000	4201000	更多用在這些
4201000	4202000	其他的心理治療的部分
4202000	4203000	這樣
4203000	4204000	所以我認為說這種機械
4204000	4205000	的
4205000	4206000	如果它真的有好的預測效果
4206000	4207000	的話
4207000	4208000	我可以
4208000	4209000	我覺得可以減少醫生在
4209000	4210000	思考藥物上的一個時間
4210000	4211000	跟
4211000	4212000	的心力這樣
4212000	4213000	我是覺得這是一個好的方向
4213000	4214000	那
4214000	4215000	但是我知道有一些人事實上
4215000	4216000	他們比較相信自己的判斷
4216000	4217000	那是
4217000	4218000	或者是有些人還沒有
4218000	4219000	這部分的可能要以後
4219000	4220000	越來越多的資料
4220000	4221000	才有辦法知道說
4221000	4222000	到底是
4222000	4223000	是不是真的可以幫助到別人
4223000	4224000	要不然我相信很多人
4224000	4225000	可能看到這個list
4225000	4226000	他覺得說
4226000	4227000	我覺得你選的藥不好
4227000	4228000	我選的比較好
4228000	4229000	這樣所以不見得會去
4229000	4230000	遵從這個機械建議
4230000	4231000	那因為目前沒有data
4231000	4232000	所以
4232000	4233000	我們很需要一個
4233000	4234000	clinical data來
4234000	4235000	clinical trial data來
4235000	4236000	來讓大家有信心
4236000	4237000	這樣子
4237000	4238000	那只是說這樣的
4238000	4239000	clinical trial會不會成功
4239000	4240000	老實說也還不確定
4240000	4241000	因為
4241000	4242000	還沒有人做過
4242000	4243000	所以我們也是很期待
4243000	4244000	能夠有這個機會
4244000	4245000	然後
4245000	4246000	未來可以做到這一步的話
4246000	4247000	我覺得
4247000	4248000	蠻希望有看到這個結果的
4248000	4249000	嗯
4249000	4251000	那如果是用在診斷上面
4251000	4253000	診斷上吼
4253000	4255000	比較難是因為精神科的醫師的診斷
4255000	4257000	就是靠這個會談的部分
4257000	4258000	這樣子
4258000	4260000	所以他不像是一些像
4260000	4261000	做一個影像
4261000	4262000	就可以看得出來的東西
4262000	4263000	所以目前來講
4263000	4265000	我覺得是有可能
4265000	4266000	可以做到
4266000	4267000	例如說
4267000	4268000	把這邊的講的內容
4268000	4269000	表情全部拍攝下來
4269000	4270000	但是
4270000	4271000	你可想而知
4271000	4272000	因為這個資料
4272000	4273000	講的內容可能講了一個小時
4273000	4274000	然後
4274000	4275000	接下來的變化
4275000	4276000	可能影像也是一個小時的資料
4276000	4277000	那個資料相當龐大
4277000	4279000	那我們也不見得有那麼多的資料
4279000	4280000	可以告訴我們說
4280000	4282000	這到底是什麼病
4282000	4283000	所以我覺得那個
4283000	4285000	要的資料量其實是大很多的
4285000	4287000	我覺得短時間大概做不到
4287000	4288000	而且我覺得精神科的診斷
4288000	4289000	不是那麼
4289000	4290000	難以克服的事情
4290000	4291000	這樣子
4291000	4292000	對
4292000	4293000	我覺得這個部分來講是
4293000	4294000	我們的實習醫師
4294000	4295000	也許
4295000	4296000	第一次第一年診斷率
4296000	4297000	大概就是實習
4297000	4298000	剛實習那一年
4298000	4299000	大概可能就
4299000	4300000	七八成左右
4300000	4301000	就是正確率這樣
4301000	4302000	所以我覺得
4302000	4303000	相對來講沒那麼難
4303000	4304000	所以我覺得在診斷上
4304000	4305000	應該是比較
4305000	4306000	後面才會去處理的
4306000	4307000	但是在治療上來講
4307000	4308000	可能會比較先一點
4308000	4309000	這樣子
4309000	4310000	好
4310000	4311000	好
4311000	4312000	感謝你
4312000	4313000	不會
4313000	4314000	OK
4314000	4315000	那請大家掌聲鼓勵
4315000	4316000	謝謝吳醫師
4316000	4318000	為我們帶來精彩的演講
4318000	4319000	好
4319000	4320000	謝謝大家的時間
4320000	4321000	謝謝
4321000	4322000	OK
4322000	4323000	那大家有興趣的話
4323000	4324000	也歡迎加入
4324000	4325000	TIRA
4325000	4327000	我們會定期更新演講資訊
4327000	4328000	那謝謝吳醫師
4328000	4329000	好
4329000	4331000	那也謝謝大家的參與
4331000	4332000	我們之後再見
4332000	4333000	拜拜
4333000	4334000	拜拜
4334000	4335000	謝謝大家
